139.79518
14.55993
298.18777
26.217573
72.47594
15.792262
36.172047
19.356827
119.58736
7.614509
49.8171
48.58947
707.5141
35.926384
59.938065
16.61088
64.17431
15.249972
36.042572
322.9858
19.26871
160.76346
11.669956
90.29674
97.07564
12.489538
20.838875
45.338367
51.046715
12.20834
12.77651
87.48384
26.15416
5.8834705
56.881294
43.897243
13.156209
99.60411
107.734344
300.83115
730.2975
968.629
27.69928
577.0516
270.3739
22.957628
787.47064
139.29799
44.701054
16.104597
64.31918
17.365541
1194.2598
34.602684
6.655813
31.037952
606.00806
15.540707
36.475258
774.959
20.512833
340.8862
49.42234
30.042368
224.08554
19.707222
71.99427
111.781876
351.79196
42.715004
137.37216
4.7464066
22.072046
110.26012
37.060383
812.12683
18.012627
272.64926
69.04466
9.602863
12.318062
6.050696
9.582753
21.654757
1205.0846
717.78973
11.879474
225.87709
33.084366
257.13165
383.8713
47.491043
8.055745
9.177129
306.41498
32.909874
45.93754
11.415543
17.699575
30.137825
6.457533
472.89462
909.8412
61.821068
137.57379
13.528581
176.306
7.9272037
65.37613
119.94846
26.917788
9.062761
475.36414
34.742943
165.07494
180.46014
724.5193
5.8965263
175.30591
18.559519
18.239376
10.114298
9.75115
644.8016
36.926285
165.47797
42.454742
343.19632
145.74065
85.49445
53.346104
12.547001
166.53989
88.619934
256.07877
103.99283
19.194366
13.370652
11.365403
47.09755
123.7512
24.641495
16.784256
196.90607
88.54707
95.277
447.5159
16.718803
5.977298
31.754736
356.34158
443.64642
169.24359
125.81909
194.6913
67.17638
8.084625
28.468046
18.51309
14.093677
154.772
450.00497
56.895588
520.9037
29.799828
30.430084
23.589369
56.70813
357.41913
4926.491
588.7801
13.857851
20.996456
6.2184553
480.86484
162.12033
1727.309
15.204968
23.102757
4.8421373
23.43806
14.770433
67.3373
8.462052
578.41296
29.517324
20.673496
307.8972
24.848885
120.04814
21.646008
14.760893
9.759111
57.78597
89.5773
148.70686
5.8306
15.4274645
37.65946
653.4132
243.42657
39.999657
15.223551
9.464275
705.49884
37.66987
20.174767
96.60284
606.64325
208.71558
17.025087
20.215714
41.92645
75.44845
20.85376
58.16825
59.58039
662.6866
32.97808
20.417099
61.734962
41.215477
8524.545
35.87152
68.44492
93.97603
139.8736
16.681328
46.003815
10.649609
118.76999
39.117527
54.144016
11.846693
46.364143
6.1229277
11.736906
42.756023
380.26392
119.92164
14.364942
5.7979627
39.06961
27.537178
6.4971385
24.864098
13.470697
422.72522
207.97484
14.692213
22.095787
304.08218
608.8945
447.71164
26.537706
39.845654
131.52194
5480.186
1029.2777
10.144657
687.7228
44.56521
27.621962
20.407536
29.769428
11.461766
27.503878
7.4221706
58.598255
18.698668
231.85765
492.47928
31.440107
735.9758
40.391838
39.105305
30.268724
26.75959
26.161339
334.21686
6.6361856
48.555275
170.22778
916.8613
265.1869
250.44566
9.450396
18.918247
11.270135
52.587723
46.39505
27.553444
155.86351
516.00116
19.296947
10.706995
295.72876
18.419453
30.139809
20.636955
44.84958
40.232418
18.997879
136.95345
9.314481
16.718767
144.73604
19.04507
5.9688387
253.08461
78.523544
150.9169
126.3499
10.01247
6.0783
979.9418
95.36995
15.235748
821.5083
32.477768
20.040602
143.02963
19.099474
121.79102
23.034716
17.007597
126.53011
27.061813
53.109806
9.081762
21.203384
17.603727
9.005941
5.6393194
59.840683
338.37634
202.6477
362.3702
30.170177
45.496887
226.76224
12.057291
873.3247
66.83992
47.466568
41.09436
91.579994
28.946821
52.620056
117.321144
13.8950405
74.733795
49.34236
148.27267
4.419531
454.48587
303.53314
166.7131
30.599482
23.928917
10.173541
334.65747
57.957226
4.818601
407.58817
42.358093
7.6346474
18.902504
4.2478137
170.38443
352.19998
17.858566
10.195336
47.593838
6.7407146
53.249565
13.742201
18.743248
984.2529
342.35928
56.37535
37.388447
9.634929
612.60583
1318.273
22.24369
122.79097
471.8369
59.40533
10.821608
26.9315
162.39453
32.65351
6.9489026
89.80243
991.61926
16.820679
133.67876
14.125207
14.469929
565.3248
31.73872
334.75946
64.01935
87.70387
173.09515
9.900633
31.217535
172.62755
467.08624
5.781386
147.57867
39.040123
37.767845
44.20126
47.05451
880.42566
56.58628
6.6251473
34.11746
3.7932515
22.246046
8.177226
75.37455
451.7253
41.38211
30.39162
678.18146
42.757786
504.73538
6.6805453
50.332756
46.72457
240.35298
13.576742
26.304558
6.1545763
390.35413
30.374887
212.90286
5.8041544
391.63086
17.005976
9.5114355
210.97777
131.52327
15.268315
52.189644
16.437218
172.14224
624.5547
173.06247
596.6483
30.374887
459.85046
35.29121
24.63327
14.6270075
63.535416
50.19267
8.133624
12.357379
11.816631
23.8466
22.008322
94.54974
627.4337
21.16344
402.56406
21.333567
53.738743
10.111742
50.934006
27.591915
32.71066
11.898788
5686.722
35.221107
181.1755
24.46445
476.22852
32.28507
22.332321
713.9897
18.483408
25.901894
1438.325
244.4468
452.16925
9.754545
21.167149
28.013323
7.4168673
477.57748
123.53989
9.878343
69.27075
13.104033
50.314606
119.98576
59.75184
808.9174
14.857676
8.405538
20.503216
53.835075
2309.1892
31.10156
6.4774446
26.885258
72.37368
17.351545
268.00925
4.4097304
8.265505
638.3201
290.16388
940.0486
424.84866
9.077282
6.8583736
201.87375
53.30124
68.92174
56.91366
58.607758
139.92456
13.836692
24.49532
25.248198
326.42786
68.39654
831.4203
153.21815
35.03049
9.231746
3369.9238
472.59573
334.17413
1496.8599
15.485704
35.612713
180.08844
361.8717
7.3393173
60.22889
372.54852
192.783
623.81805
335.73187
21.410978
15.784048
1522.7299
13.632824
12.679314
27.206505
14.960638
121.68323
935.3715
17.432531
34.276764
24.699278
174.1831
47.566498
82.16881
13.595347
6.675428
31.156296
25.104624
19.477724
24.393446
504.02036
17.433697
836.6361
20.139324
28.293533
59.4144
1218.9426
12.757197
124.453384
58.81302
18.558962
12.578576
30.55781
21.412178
91.00624
83.85028
244.50194
11.104281
8.399023
1084.467
26.26268
124.4589
45.97876
6.87173
3.2085328
16.200212
274.33154
48.037575
774.77057
24.311365
383.54837
73.658
21.547844
15.201503
2098.1802
6.547872
1633.1226
56.593975
32.90207
6.8818555
103.48219
556.43445
809.9993
9.314481
31.044436
479.83914
63.444958
7.319179
69.80004
13.701621
13.32868
628.59143
661.44275
167.08084
20.38796
62.192017
64.89091
29.410282
124.68575
33.099403
10.3396435
21.30682
33.24477
58.350517
239.70494
27.512901
6.4489694
17.246489
404.0772
96.76724
13.002156
537.614
85.259186
144.75937
45.691532
75.95718
2672.4077
76.74052
20.1582
22.960781
900.61743
95.79784
635.0746
7.6455035
240.56464
142.27167
21.925625
88.0917
25.011621
29.703266
28.090933
67.03913
5.9769225
13.120527
69.87907
35.495495
125.273834
12.954162
27.395853
22.037773
8.625936
10.124894
254.95854
12.344043
52.60208
13.720156
20.356098
13.292433
49.45907
55.699512
18.045242
57.467575
563.03784
8.346022
1262.8497
388.66028
10.547947
37.74012
95.168205
46.70153
388.59985
17.775328
56.928425
476.14542
37.025463
43.538055
38.845146
57.05849
123.65292
12.078228
25.934675
7327.2524
490.5427
561.01794
19.606232
26.78933
34.32891
766.9442
197.6429
91.703964
27.726204
35.616745
121.10484
962.1714
6.874422
1079.1868
11.3836975
640.1294
27.33446
4.5484133
29.547853
723.3873
247.7793
31.680893
37.296413
40.71012
798.232
267.05096
134.79591
83.48483
50.002434
3.606024
583.57086
14.052172
16.710876
150.36008
48.583878
30.00956
138.82892
1033.2614
57.68177
374.43613
7.1411533
4.798287
9.878931
6.626162
1664.6351
290.00967
10.716311
70.18428
978.38556
134.4871
13.99282
24.880642
12.374859
1140.0674
53.818867
14.492332
21.795908
32.258686
22.745975
872.53046
43.51625
458.96457
32.707336
27.452307
58.372253
60.15398
18.597826
11.524538
18.735573
23.36882
696.5647
25.346859
11.2838955
22.834097
62.473667
19.739288
23.056028
18.399754
10.683816
88.65096
22.88948
105.545334
32.880047
1281.5923
77.306854
131.73906
10.705007
10.559285
37.109703
26.156288
12.156895
29.093807
26.249516
12.573098
478.89673
67.44441
41.56488
68.07478
29.618832
23.697855
38.99071
30.62878
452.25034
18.191782
41.870617
320.23203
33.612446
462.7807
303.1442
488.4022
10.543992
378.08398
23.729511
295.9378
574.76373
1573.3523
77.32953
11.705925
38.895382
164.0509
6.43274
1737.6635
4.0564947
50.471733
12.251342
262.77576
56.02774
120.845024
51.9231
241.98872
25.52118
176.19574
237.52538
1528.8799
46.16903
8.309932
92.766365
75.972275
991.0543
88.67303
701.63574
60.150253
7.262904
6.322658
17.94022
20.94057
1186.9673
941.09357
213.29956
267.40253
168.7987
17.509521
183.42902
28.646833
296.61847
33.4215
51.263393
259.77588
10.965962
11.663019
28.37131
190.59634
259.19308
42.162125
74.787415
304.48425
84.441376
14.958834
15.771646
283.0475
182.27357
30.403114
11.9632015
542.9582
160.04251
458.06445
99.74741
464.05396
35.92622
85.67586
47.887054
1253.4637
20.07991
19.626404
12.412508
40.060223
9.646785
34.867302
33.049206
31.485392
207.4133
3.3853564
217.21103
18.321682
88.98401
30.22225
595.5097
192.47852
70.40098
44.868317
12.905218
37.07937
260.4141
7.0955334
11.943924
1496.7357
921.6853
205.32558
16.890217
204.63736
19.755304
81.40017
191.51228
35.791405
19.068726
8.919085
6.7733703
71.27936
34.628914
48.142105
660.886
721.5467
5.467428
26.526264
10.313886
16.921446
9.408642
269.24817
22.104164
35.86308
39.969887
35.68813
59.805058
165.72308
14.421481
16.837112
155.7289
147.786
53.74998
13.869839
30.288267
466.3427
17.512619
118.95692
7.157198
113.80962
33.594627
40.693012
3605.2363
22.80413
40.00186
9.163875
75.34782
190.56818
51.073494
51.585243
12.359005
43.88843
832.5077
41.43293
21.298195
20.30376
63.36538
140.8804
43.56585
249.14592
31.721836
6.0620365
75.50596
11.813395
523.50653
166.71484
39.360325
53.803867
1265.2107
419.66144
1239.8154
1180.6406
43.592094
51.651157
133.79266
33.923958
80.77603
79.82057
17.984125
53.672314
15.31366
819.43243
264.56473
11.20039
153.47774
3190.257
67.86469
935.62805
71.615005
251.7869
20.959187
479.20944
301.98468
186.60541
131.77852
44.938484
80.04709
589.4835
45.72562
105.37225
9.054023
25.496092
133.07559
16.246454
156.21024
729.4789
497.17255
383.91086
36.6077
4.720537
11.760926
373.6109
176.14987
20.859528
174.687
30.757845
24.789717
47.127396
732.7892
18.405691
95.38328
21.017208
145.52045
1087.2185
6.123727
2086.931
17.94381
45.934628
24.82965
318.14795
1133.8556
117.512566
290.0477
6.6251473
36.410465
17.960798
143.8279
14.11849
324.32108
34.63061
17.648462
97.22119
490.53778
39.139545
408.3599
9.333136
668.69415
402.02713
40.18642
18.382385
25.708492
57.657322
91.36914
9.946232
12.806444
29.445158
887.9832
51.015762
5.095895
46.576477
47.98912
1399.3645
28.288933
9.065886
13.315991
691.8157
1985.7139
13.155503
135.32213
982.84595
20.889244
32.574493
449.77716
32.675106
71.18398
482.54782
114.999016
67.304535
8.357807
50.77314
36.99608
239.62048
63.184048
718.30334
10.905936
1528.5183
16.221085
3.848098
15.324354
5.5640864
436.9356
42.444042
420.30927
5.27022
847.5191
493.2614
16.570225
15.190333
45.485237
449.52887
4.3848333
21.492483
15.716871
81.98929
9.684955
121.07949
55.765152
120.12012
60.596554
31.965298
17.135044
703.3018
46.06541
13.312649
540.074
270.86813
404.2844
6.0253406
228.75662
39.57787
513.1314
39.2158
56.62245
649.52734
57.172607
46.32914
9.736765
610.2798
13.893053
60.25753
67.26885
22.973759
31.190046
22.314943
71.14211
1001.43164
8.687441
17.263063
17.76278
124.87139
22.081127
662.4259
22.425762
42.6022
1359.7472
50.815163
206.90775
33.50333
12.566248
471.60477
326.26337
153.52385
301.86792
440.0846
326.5767
474.6742
242.32901
10.839492
326.0136
136.06604
596.05145
86.083145
167.71703
72.19352
64.84649
402.2442
47.40422
98.74857
20.18977
98.949936
9.566493
96.75206
7144.5664
8.7174425
105.52893
447.03857
42.66944
39.373627
26.643623
315.6134
264.38086
30.705399
223.83116
15.356199
21.640728
160.0622
884.4226
47.331024
41.164314
559.11145
180.75967
45.58103
263.41467
274.28632
18.738136
1517.8901
21.614414
348.4347
23.207178
64.66854
1039.2621
1472.8398
17.096334
557.5245
44.477848
15.1179285
434.80856
19.832771
44.170326
7.5461254
20.930592
254.052
27.849245
230.03577
98.52141
80.89714
36.40798
524.22546
638.50824
15.56498
16.927519
215.37039
29.50214
54.92424
830.8877
251.4645
195.96265
16.022034
594.5081
34.86478
374.0462
234.38821
67.66261
19.367725
71.1319
201.16621
21.019493
23.396282
17.763876
13.288947
9.636957
283.69553
16.480791
17.662668
310.76367
83.03502
5.04207
247.45967
9.098655
6.542883
45.1307
35.37147
5.6573315
11.556501
191.34013
8.469882
1237.8059
225.12526
44.40241
36.96449
5.1722937
16.756746
41.703472
4.2904515
222.40744
6.9624224
344.98785
16.275055
4.0698557
8.417976
677.1833
48.297264
45.92491
11.049967
252.32521
301.58908
43.77442
6.401273
13.417928
19.839401
530.56323
141.25735
1083.75
56.19896
344.21014
60.79295
56.793755
1419.0507
587.877
32.47662
1475.3809
18.572945
15.86445
96.6815
260.3935
552.18195
9.603878
20.885544
280.01987
42.309162
160.15404
89.76402
19.838493
3.9425993
12.693106
339.28207
8.558255
76.41181
25.663109
92.230865
6.7923822
1415.3076
98.177605
343.0453
84.73954
15.832638
435.2921
12.428673
9.863728
320.8968
42.93849
286.09705
468.387
79.114365
32.575535
162.9305
4.69417
21.97246
200.96114
24.541237
23.574413
9.624735
177.8848
41.548668
52.6144
11.342478
413.8455
70.84786
44.438946
27.741556
13.488235
300.32422
632.39484
79.713615
933.12854
58.248745
40.97299
18.710735
35.81024
9.588699
49.928505
81.944725
21.455006
9.618821
849.48584
5.555477
457.102
43.857635
11.006895
209.6391
10.493454
157.48212
12.797983
445.5759
43.778625
15.602547
20.040382
15.783141
123.861176
929.8395
7.0681925
648.20465
36.096638
124.98362
415.69748
41.633217
38.49189
6.8614516
203.08408
129.13692
37.0866
7.2223525
18.06274
3202.4136
97.031586
21.397669
37.348835
43.216793
172.18567
422.8577
6.705836
53.085613
16.017881
586.2894
388.09543
53.78058
32.21838
21.307962
977.2712
7.701332
348.87823
27.013788
722.1497
36.053574
1066.6632
11.798611
8.183732
19.400417
172.94038
283.1236
31.23156
30.06324
808.203
168.62115
22.750792
155.33212
65.29497
36.495403
163.47165
61.397007
40.40963
60.316864
135.05583
1024.4733
59.49931
48.575073
103.12787
51.231857
94.58501
15.323247
16.281624
40.96706
13.312398
46.652878
54.084915
17.38289
35.89347
75.81175
11.117898
609.1015
49.853756
25.185274
381.41415
24.388474
11.663019
37.908802
10.128895
10.919395
33.809578
86.07231
266.39114
13.171239
8.558255
25.921015
6.973857
27.755165
625.73096
404.67245
13.262695
253.4104
7.4154634
14.087226
77.72838
313.2935
168.53973
24.99141
11.241533
287.3117
1002.1028
90.06079
13.678877
31.206469
67.457954
15.769458
39.22553
53.32915
41.583633
5.4234776
28.755499
47.819527
195.15231
34.084427
32.680645
32.661873
10.522511
300.3792
14.323831
24.803509
107.60301
119.03721
24.115974
173.55104
8.380279
13.380296
4.153594
298.70023
62.77811
19.02998
414.63242
61.171844
5.6414475
6.7004166
23.078083
39.910076
4.36334
91.472244
9.1132
11.454385
49.909023
141.89606
249.22006
452.83923
10.08027
505.6983
21.793476
54.72853
292.8209
21.481161
31.283838
194.73448
49.63332
7.5966334
18.818518
23.11717
3.8832467
58.76556
29.960068
679.03705
365.78656
107.80017
27.549458
303.1442
526.9643
63.177513
43.513336
11.801965
27.54331
8.312759
194.06567
17.49562
76.30116
16.903131
17.540876
15.299271
770.4083
22.60545
543.6888
36.003857
32.72465
507.60226
203.70917
235.50888
47.974453
29.956875
13.372673
17.502268
51.186317
862.7292
531.6355
53.09584
14.771064
23.742582
24.46253
2882.4473
10.321002
8.479326
179.2345
30.719927
112.25903
87.669586
34.208927
83.94293
319.4964
32.268246
31.23801
19.185389
261.68164
43.235653
413.16602
38.055412
38.484173
6.073449
121.536804
112.351944
427.1104
102.64419
36.02364
4.3142467
114.87001
23.00097
60.467735
22.1858
624.1117
52.1237
37.493584
7.1762967
28.77086
23.248928
11.639587
841.83276
25.154442
24.807568
5.274527
83.51895
88.52124
14.268123
2963.4253
51.112404
6009.9854
40.5792
46.50757
13.243695
63.574574
6.6424313
39.391785
20.065928
1277.4319
8.749281
1103.8827
42.35444
6.6105566
21.120785
39.585136
158.39532
6.8327823
6.41884
25.772404
57.14666
28.438301
1082.2979
72.35457
124.27856
23.151379
997.6392
218.09612
53.820625
29.652407
236.78908
77.9444
275.16425
25.986439
106.261154
11.327608
79.648796
115.42082
13.856232
226.06447
5.3467073
19.86478
1169.9512
575.5437
75.13037
234.0507
255.78342
21.340816
526.1445
24.81976
20.05901
12.413443
46.007843
5.643154
6.5426006
34.78767
35.945232
11.74445
343.4078
38.34241
145.41612
18.763083
535.77423
62.6867
11.454472
29.435606
14.719621
64.272125
110.65656
274.61545
36.61814
10.157877
440.3386
25.57584
20.09437
209.22894
34.494003
37.30304
111.26896
17.267303
79.194
12.619885
308.3228
287.43
146.5941
235.4562
499.45126
302.8447
17.818493
51.974228
8.370048
21.045553
141.5533
336.54785
1040.4982
39.64683
111.60489
165.65646
16.210451
17.625107
95.989426
43.36686
21.154026
28.48062
73.90145
257.316
889.6484
14.830774
8.856276
836.53674
217.12167
51.624073
165.68309
194.15268
317.21738
123.718506
9.530505
19.192247
15.002068
76.07951
16.57503
1012.519
70.31056
11.245811
33.23926
2003.2797
28.394215
1709.9683
6.5750194
17.142673
224.03415
49.73658
15.051175
125.67644
229.84378
270.96863
4.231343
453.2845
4.3142467
22.995054
113.73367
210.06207
25.063986
20.93745
30.617712
22.536654
134.78069
64.590355
13.080382
2235.9062
111.57818
4.8300967
378.79892
37.669678
23.598854
120.72327
6.8772287
8.99917
196.1484
32.833855
724.50195
50.89362
801.3432
71.83934
11.365316
816.93945
166.88545
5.626842
10.15748
273.96252
643.72174
28.239227
590.22235
114.067474
16.98739
11.076584
52.39647
21.44392
35.93567
289.87225
3.3308516
35.71374
396.09354
519.8342
779.75214
33.62127
63.284637
15.489692
15.635753
10.52837
6.322658
184.06012
59.821968
51.61713
60.86236
349.31104
13.152029
1452.6526
839.3805
44.81313
52.09839
33.522194
54.765915
85.1281
34.282516
11.163259
19.194109
24.08189
106.55193
24.657413
1062.4773
37.175117
9.108712
961.7824
665.6623
44.088062
19.780407
21.096695
135.06485
86.83856
128.7074
634.7734
829.67737
468.05923
56.27622
197.3776
44.35598
117.55102
8.5626745
515.2763
27.40728
27.511688
121.85056
40.526703
189.57132
40.761177
18.231655
1130.9176
34.497738
577.01605
1045.9896
12.5341625
557.2491
6.7148695
11.314888
679.9475
7.3746357
222.41835
12.673979
4.3064785
16.775993
13.355694
3.2085328
48.547634
86.14158
882.3434
19.838867
27.927765
12.34675
77.881905
854.97107
259.29037
1424.2739
205.3998
18.910265
59.35105
35.86155
22.414768
53.11115
32.63344
909.5228
16.041183
7.492878
34.708702
41.51719
63.422695
40.380802
27.673199
458.0891
82.86051
18.522047
12.316238
275.56473
52.6841
2471.5837
21.566517
377.29855
231.59058
4.2732515
63.526936
667.53
48.398125
27.389511
633.16486
37.13701
51.482822
684.7045
67.66849
34.530598
15.580518
84.76039
202.91527
15.354507
18.412857
353.6336
767.0576
785.95135
141.88652
15.952076
31.64907
98.32565
54.27211
850.06445
111.95903
26.437372
43.650017
284.87582
139.35034
45.9146
265.77136
4.046236
41.013725
40.09677
84.59646
37.064262
20.328491
104.25528
30.716
29.094543
15.349921
307.6094
5.223035
20.973957
39.897366
16.75311
93.122826
106.48605
76.41491
14.519426
109.46129
18.46925
17.046146
113.28087
64.91071
242.60013
31.049416
57.498085
55.243187
20.345585
89.65994
307.516
53.650757
66.79806
20.581018
30.130676
3.3406582
28.965462
10968.199
8087.4736
668.15356
353.57358
481.79898
15.1264515
844.3019
352.43652
116.35925
58.162956
35.567883
8976.646
577.6525
425.797
8.39599
60.142162
28.16325
520.31854
22.719097
909.0138
15.781072
7.005208
18.033318
7.5421863
20.334663
226.30487
7.4487867
15.075191
7.5640574
5.3974037
7.331394
62.65825
29.9338
276.31052
10.202996
17.050434
18.584414
48.770634
300.51688
9.556098
943.654
55.362644
19.400972
16.898481
35.791004
14.942729
76.99771
880.67175
58.8606
37.229187
11.818157
14.187732
11.299222
22.067326
28.281076
123.57948
102.818085
80.2221
1938.5536
18.944944
907.2172
19.527733
213.78935
22.0408
234.66982
323.16483
78.447426
17.323065
79.160706
8.608774
52.96118
51.265312
208.90524
18.388277
569.85486
182.98985
2543.2837
9.425987
10.247764
23.542185
10.40683
9.666518
27.49171
83.3598
30.371962
256.52777
25.211607
11.196375
13.461827
26.443832
18.935114
20.544388
20.033417
19.402348
3.6348472
28.731596
245.44344
391.94156
54.522182
22.433598
86.00794
373.7884
20.165054
46.803143
6.9562464
12.224184
118.31829
26.418898
22.370518
25.873798
135.98152
165.582
54.439064
18.092876
306.66287
53.438713
21.224354
27.500042
15.369212
8.582128
20.548159
13.025048
42.29608
60.242363
590.65845
23.73449
137.90646
25.363567
233.72327
10.19805
11.107467
120.61481
97.016594
23.216408
36.13911
29.231329
23.570599
23.362398
26.276289
32.91642
12.045473
27.68016
38.522015
8.145398
21.554401
610.3459
147.53152
16.01104
8.800204
989.94446
433.98087
27.809917
835.27405
35.878235
13.3675
16.408258
43.611588
104.92166
3059.736
444.17413
128.3725
33.343357
31.641172
33.576145
855.69336
68.135315
16.423225
25.82407
5.8491836
66.468666
22.556398
55.69335
33.94731
50.93306
8.498845
23.594673
14.260372
33.08724
155.96321
408.24384
176.48912
34.86628
8.527793
301.98135
865.14075
156.27878
19.884071
39.330353
13.464963
1428.6414
715.0851
115.4506
230.0316
118.88785
179.4334
12.127308
968.7306
128.73311
10.119383
97.678665
43.708416
10919.001
25.63697
9.499862
44.476692
6.419495
20.019388
44.60109
44.328842
17.522066
399.76205
61.199154
7.0914283
2217.4624
33.58475
36.55191
60.826412
82.55325
84.57158
293.73956
77.37169
109.37317
10.932206
449.66092
34.581554
42.461666
3.6793752
362.72287
23.051659
30.732233
20.818304
24.36523
12.567005
4.080409
32.005386
96.0878
4.767307
346.9601
163.57333
46.644745
23.24685
196.49402
276.55304
1058.8857
76.98016
786.34985
6.4513736
70.821045
190.53456
17.828539
11.882278
47.462154
99.39924
51.703926
42.895203
9.694107
47.379993
760.2323
92.75098
39.344086
20.747585
201.30852
5.3467073
100.42199
30.576582
1266.1908
15.414089
31.666197
592.2771
25.083145
47.54548
87.18513
28.897814
5.977298
94.63775
25.372398
32.915085
8.314482
17.348186
18.562193
148.02429
20.63256
470.38684
15.569407
21.469994
314.33917
20.228226
682.9278
8.620145
24.465961
6.775772
19.864563
1851.1864
23.853394
2617.0537
9.334002
454.21118
9.66053
69.31821
80.291176
49.882053
8.387505
32.055347
78.54838
99.11337
319.96295
21.232042
27.68554
4.0564947
29.645182
110.39021
13.035585
396.4278
54.9945
9.938701
566.1867
5.6623683
20.541033
565.6009
61.563316
17.579754
305.52777
672.7489
796.4705
8712.928
43.774765
38.632042
18.955444
48.326874
22.222239
52.01922
24.783512
13.868771
84.77474
10.049372
18.866348
1100.1239
6.6591005
67.77023
9.159364
66.94438
5.809208
267.6523
1027.5736
106.642006
148.06694
318.28406
66.484924
32.429817
35.375763
129.14665
48.216953
5.831164
219.9996
66.62485
3.893212
190.27426
95.434326
20.35855
6.7836647
56.099762
125.202774
436.0741
16.96367
37.2967
29.589794
40.662975
21.126457
282.4785
43.32458
156.10777
141.72789
1885.1053
22.333662
37.12686
59.415047
24.818819
1957.9891
25.09819
238.63474
27.739136
272.2264
259.13712
8.121738
65.436134
32.44132
69.7829
193.20872
29.889505
13.640387
5.7301493
16.191086
89.17567
56.553238
273.4495
3.891244
27.45501
240.33167
53.581356
1309.2844
100.155
47.777164
325.8192
25.608925
291.0606
25.587132
29.524172
16.030031
22.083817
72.83764
39.020153
83.666954
4.8036847
23.091125
44.15283
145.76817
10.207807
588.432
398.1181
20.2565
90.29816
3.4471416
39.143204
16.419313
6.3345675
84.03047
15.091305
41.18759
10.958521
909.9306
21.878538
44.55983
1092.4156
552.8042
29.105034
759.5055
236.3657
13.462912
403.43283
239.87714
26.086573
970.7555
18.256971
10.654652
32.087353
180.71838
161.17496
41.41622
1326.4271
115.791595
21.406681
70.07106
102.66484
496.96613
61.64051
419.61682
20.265621
30.018396
349.2924
341.7457
156.34758
28.083319
115.73032
256.45023
409.45746
30.214945
1163.269
342.44174
1780.3025
39.290905
15.796837
141.87231
562.8126
4.0368204
227.81981
32.98934
477.94702
31.903124
29.889805
456.97253
23.16298
35.244827
496.25998
109.88745
24.30503
141.61588
43.005283
397.70316
4.574795
803.8235
22.681904
275.65213
2079.566
95.27028
1676.629
313.95135
60.407215
31.210651
11.820364
17.77471
49.509705
547.75653
21.93011
149.64873
1013.77405
29.791267
69.717445
14.215872
180.73639
13.505774
36.847366
812.4111
107.8539
11.391267
73.79008
17.288914
14.658389
497.82138
869.6661
137.04529
107.972565
7.0080895
4.931095
94.61257
22.585566
26.071308
40.493244
10.866078
66.04112
354.75656
49.790302
722.7064
402.91724
10.190619
11.874264
328.7646
68.547516
34.8583
118.354515
3.3853564
295.66418
90.373024
7.6561747
20.805477
11.61352
33.25083
940.6395
247.42534
111.440994
226.7365
241.53728
823.9669
38.676685
70.04373
13.315934
9.024995
54.7574
20.37661
35.96518
5.5429225
382.14343
37.516323
9.93646
537.1953
19.003057
26.548136
93.00935
24.390951
364.14618
280.88242
578.4094
206.66853
9.686589
48.886944
207.2736
495.22174
881.3775
619.5017
73.44147
45.30433
166.49136
227.7567
23.622559
5.6149545
15.411266
22.857948
240.16063
34.986046
17.351786
24.521807
18.430162
8.3783455
42.794758
7.9422226
42.11368
20.00197
287.69598
19.068493
75.58085
31.694347
28.389694
16.15333
80.18703
5.3467073
11.244804
1223.8955
14.45826
30.734768
420.06683
267.45456
1325.2499
49.490788
204.96765
95.55991
47.508377
116.93878
502.84818
7.2817492
683.19653
822.0459
157.9892
452.5271
1192.7408
21.153618
2744.3008
78.691475
370.38895
124.826744
36.4469
9.919254
265.78745
109.14992
391.9836
50.920433
244.35986
204.06265
1747.5615
187.55296
25.41001
124.111206
1127.563
10.361982
13.197156
9.495392
11.820429
12.825492
417.3764
76.20492
142.32968
297.65335
360.12158
8.653753
631.49475
4.0564947
434.2922
7.5214133
21.618053
53.867134
4.1605225
12.055885
350.00064
230.31203
342.6041
14.488985
37.931847
94.15347
17.51378
33.529446
40.538383
54.956593
21.163033
29.449139
21.352003
29.888964
642.67224
57.849323
76.963394
682.4327
13.100897
188.18721
13.010429
325.6842
19.495611
5.9940653
16.986399
65.100914
14.360021
15.299814
376.73175
452.7153
1191.5869
23.78774
61.53916
6.710918
23.805237
56.59883
19.173103
798.8938
367.89334
138.28603
45.48646
188.0167
26.140745
28.568016
51.69577
56.03319
21.73455
28.613483
206.53583
459.62488
43.343693
975.26294
19.652817
413.16602
459.2452
7.681712
8.184523
442.94275
683.91943
28.583809
33.409096
115.06473
29.584412
19.865818
57.94808
178.91803
298.83984
125.10263
88.45731
205.25577
603.2581
7.4851985
11.193094
39.178787
13.629759
1754.3252
23.63832
425.1916
976.8221
13.427164
332.26538
1351.4036
570.3303
20.936737
211.10074
1681.8762
126.41475
79.60714
495.11362
48.50108
43.13116
16.36586
671.24347
11.115279
20.518698
141.67606
71.98531
29.438251
36.320713
369.3806
30.035213
396.17096
127.715225
21.569298
605.3481
704.24316
28.86806
19.499716
24.077211
51.3518
614.75195
110.46825
35.84012
31.906357
48.895267
45.335236
19.485243
15.898426
1678.849
37.152596
16.303808
856.84357
550.6703
24.708424
9.047693
23.36056
12.48134
492.97784
39.02687
22.137243
224.04099
105.904686
49.593872
610.6559
27.861359
696.4704
54.035805
201.69525
497.86554
31.857025
138.826
17.776329
117.05678
10.528313
24.83374
49.073215
9.682673
29.397207
12.357479
31.903131
41.527466
26.314005
49.41964
396.57733
55.388943
29.869574
489.79453
39.82867
41.48105
2643.153
403.58542
11.643751
780.69525
81.8786
966.3316
17.95425
871.7449
71.24895
79.91921
835.5158
382.39426
205.57843
74.89619
304.39017
8.417297
294.14236
176.10536
544.8806
74.769905
64.43009
145.6927
40.75405
18.020514
69.94474
10.895554
152.89148
393.44366
9.693514
7.1723137
24.437988
39.95948
41.66212
29.406475
17.259079
1074.4044
72.25992
18.79431
11.245811
16.29073
6.7865605
10.523602
21.401905
38.104378
49.615513
65.787636
732.1706
16.155806
539.3045
179.00003
1030.498
17.272034
20.405521
23.128387
210.4009
58.98206
16.488207
5.727197
600.3248
278.15515
567.3973
141.23763
20.398273
14.350161
19.283789
268.5961
43.61475
12.831233
18.824455
15.387846
23.231003
488.8472
117.19953
16.781818
23.40151
12.455484
20.284706
639.9064
70.64299
33.565804
44.904243
410.76532
4.046236
56.332867
78.0744
21.691372
304.57864
58.53221
4.724696
6.525099
52.952114
12.372703
63.91906
42.79956
16.42359
25.70888
54.402954
136.8088
71.4976
1256.3241
390.68353
19.528166
17.820333
392.9721
36.181164
44.018784
1143.4298
637.2411
87.90594
842.6444
29.814781
15.892465
32.100998
472.01648
854.06854
276.2893
14.23834
1072.7985
343.464
76.08415
96.03951
108.82117
147.3805
288.2858
167.36664
83.1033
21.926863
21.756165
17.281311
953.79004
60.330326
10.895881
7.4738426
399.0083
14.73865
15.284155
50.206696
691.04614
436.86124
530.0044
40.17823
106.656395
403.10056
531.0973
454.55655
11.876034
33.43221
250.00551
550.1163
19.407898
87.26253
337.96625
139.3362
65.322845
61.019363
45.24984
214.26984
40.434395
32.00569
7.4173093
468.24585
317.3941
35.5051
10.716807
111.4394
147.25833
21.690348
88.99971
107.760086
348.1281
837.5837
29.837017
14.959076
38.044518
2322.725
267.7187
872.50885
385.04605
94.02664
23.8307
8.250179
53.022987
111.17196
45.042778
26.173092
525.19824
27.378445
18.46366
65.31353
22.779964
75.42859
77.39578
9.376268
46.78708
34.228294
540.6437
452.79605
12.008346
4.361926
11.403479
67.415405
43.281166
7.373407
42.125824
18.189524
49.36434
1182.655
411.58783
31.798338
24.134914
12.912827
52.153732
15.803136
348.58774
209.08185
41.274315
1204.0139
113.42746
120.56639
2631.2483
23.114552
46.404087
1795.3268
137.11928
17.826086
358.90735
15.868286
324.3064
16.75138
1710.5293
23.081505
144.28648
5.3713474
307.71637
5.555477
85.3448
1081.5498
67.96204
22.663795
69.161476
326.4492
6.099662
491.47217
7.1534576
22.541088
13.301147
434.5215
182.05486
6.7767463
1557.3307
268.4486
757.6564
322.9932
486.599
18.035402
435.76874
5.9145026
413.79358
14.087512
14.552825
138.26195
102.12274
42.1766
10.897133
23.05621
11.487005
603.33606
14.45115
84.48645
97.089386
26.9523
5.971856
346.17233
259.49124
19.754768
9.3021345
59.933235
27.820118
15.372024
843.56146
21.033915
21.6007
25.748463
35.039814
17.501232
17.715555
272.1976
57.742947
152.20837
79.29073
3.927112
637.68396
5.4489784
73.9763
8.98682
521.40967
231.32294
70.70517
9.595945
54.366158
48.577007
11.14765
113.22773
18.302376
314.62573
300.58093
41.68081
29.827621
8.601152
19.132153
31.234003
16.039236
125.18719
30.866215
404.44965
11.305894
369.22107
295.1379
597.40643
18.92935
206.79767
19.861874
29.738392
19.45095
17.572542
17.402546
430.13528
475.00137
601.8253
33.634266
1068.1687
14.052061
22.509933
502.1145
9.875872
13.793218
24.433125
275.766
24.626076
288.4406
7.9168854
11.787659
59.65544
154.60574
786.24146
320.93414
20.015038
7.0130873
37.13207
29.700052
18.110153
44.368893
54.078194
27.834827
137.14754
3.0562785
9.870961
5.7308927
17.299444
10.153049
269.16653
307.02557
13.268957
16.225052
17.235933
11.99716
257.01703
1196.1046
359.06723
11.914984
1150.6511
197.6264
28.314068
27.332844
100.133514
93.37307
24.226633
224.72243
29.75469
5248.43
69.48052
62.952847
3.8417897
23.191158
44.133224
200.47598
27.436295
6.750067
7.2013693
193.08301
243.32062
287.47534
65.73448
21.921207
52.174355
31.245197
34.71043
95.68224
28.171926
22.721596
480.78366
21.078394
629.1008
313.99115
334.857
39.202995
18.57619
221.32178
13.475169
396.70935
48.488754
25.769909
444.89355
43.937233
398.11356
869.6661
54.51055
8.76087
8.028847
212.3258
11.614073
178.96053
1571.3047
24.829868
24.312016
21.160564
20.846104
21.377344
82.84921
338.3026
456.86752
62.08212
29.420065
86.35663
210.56248
34.936108
13.747143
624.38464
37.206738
110.66823
89.399315
66.87119
65.91295
25.391436
8.099742
277.16415
22.911407
254.25148
148.51836
986.8974
758.8629
796.3277
8.828877
11.643262
222.30087
352.85034
51.38205
403.1613
378.55334
17.823767
9.653151
6.286178
59.915718
13.376385
38.51158
5.7846336
150.431
47.212337
115.058365
13.581867
284.8549
403.66895
371.31857
627.3517
259.55856
52.78247
18.785248
23.876404
30.679348
299.75494
28.10098
12.635234
13.740471
424.3765
76.0621
4.704473
31.084562
26.833246
52.964516
20.123077
8.700816
8.676989
144.48615
62.064034
774.34766
20.162516
602.80035
826.9903
15.989902
181.42993
183.96834
48.796127
38.656857
24.96265
21.374735
108.4073
274.54172
1469.3877
104.44929
10.083421
22.893951
19.480347
7.032323
15.362742
16.909616
669.9203
29.583607
6.274865
42.98315
42.33239
6.0641527
292.75247
35.65258
14.711506
546.1086
26.570076
25.56541
83.12851
47.237274
559.21484
5.9030337
166.4628
14.487141
10.1875515
26.883808
24.118544
13.077305
14.90937
66.29372
352.18335
12.580303
7.984992
14.066207
63.542202
18.845089
26.971416
99.19597
34.316692
40.011726
362.96387
341.01953
260.27182
534.0772
24.76676
207.63348
60.01371
1907.6011
1131.144
8479.213
41.83626
5.2250547
16.601564
24.795303
262.0696
17.244905
829.8218
51.94899
13.417918
14.871118
21.855213
16.02465
5.7418146
14.608961
34.470173
32.836132
34.02663
21.200817
17.437035
20.059465
176.69862
41.991203
36.953915
18.26554
19.626001
171.95496
605.9939
49.619606
168.01816
122.90942
201.71036
16.923801
58.9246
22.29552
60.538734
89.50391
229.79688
347.46475
415.74188
23.34113
113.226654
516.11926
20.837479
152.97324
674.3438
788.9673
23.374851
469.03424
23.197144
8.135541
1931.354
12.488473
705.2644
577.8465
27.604877
66.478966
3.9573646
234.83302
1172.6494
43.22846
10.7407875
127.0895
42.91796
6774.7397
109.12457
627.86017
55.19171
866.08435
208.52089
178.5043
1184.6501
17.199537
80.95962
5.4899735
16.462648
33.223415
28.942638
147.38683
8.086557
1519.4912
6.607281
747.17694
24.33722
5.150526
58.415886
39.645668
287.96924
344.87354
14.180511
8.522563
106.316956
152.62758
44.842705
239.58015
11.140539
17.54349
4.5223856
175.0392
35.284893
116.21065
25.301485
261.1424
9.876505
152.03893
238.35452
46.49524
33.5309
13.720908
89.886566
91.909805
9.688754
205.0438
450.5327
1988.8381
10.879084
17.087349
929.13165
110.1517
529.1744
22.661396
112.38098
364.7012
407.66415
53.819595
41.3067
6.6251473
111.810715
25.574488
18.084929
645.5858
173.25427
50.492157
40.438396
41.172276
68.24681
1112.3257
23.607346
221.93991
19.875444
88.18782
248.36472
8.380687
629.72095
13.361136
4415.3413
21.44082
18.358345
33.46263
10.554005
60.439312
20.62008
23.97654
5.9278774
44.52953
20.68413
146.92265
76.141174
13.365387
36.20191
573.8477
56.567802
92.654434
11.186321
26.075218
249.15399
51.929165
72.43285
10.018356
3.3853564
25.075062
35.323982
12.686084
128.44983
27.180992
20.378231
23.773153
18.34748
137.81285
7.0466413
7.93735
1496.8599
5.9864063
7.93735
16.443336
17.899982
2093.9744
644.72253
523.0472
7.304002
580.03204
19.641083
71.11457
7.5747895
21.867228
7.01947
22.243923
60.581154
24.411737
224.31688
31.501776
7.134808
1696.6984
9.736192
209.98726
81.4614
16.713001
28.920021
19.483149
33.83247
15.849105
19.522007
15.88084
14.264079
663.51056
39.19608
283.7549
418.8338
42.338425
46.96847
274.23688
120.22223
7.890175
11.824488
19.002188
11.907635
35.998894
455.37115
50.150383
35.339752
54.82857
597.8011
68.02471
39.212257
131.435
70.69175
11.937205
301.76373
41.308167
41.136253
59.07869
355.55304
51.621426
17.692348
9.203642
55.330658
32.534134
146.38377
101.09395
25.884579
323.2476
44.82469
26.868423
91.98596
13.913087
9.842749
134.9771
2550.972
169.65979
430.69107
34.623135
48.11656
15.653724
576.12585
244.31395
12.549807
38.736427
65.34063
23.168842
156.3537
22.046108
61.47836
627.6327
38.314785
24.079428
415.58093
28.799095
11.688925
48.74083
74.687416
45.493816
33.020073
5.6694937
5.98981
33.193306
6.373724
440.50113
55.065765
29.515854
132.42165
24.072172
81.127335
506.03577
36.011127
108.146515
1141.498
1398.5894
784.8529
14.399362
361.68936
102.84613
27.346342
11.807224
34.5923
20.657093
796.36835
29.49354
7.984992
261.3932
29.353441
27.137226
68.34757
59.285744
15.593194
247.96404
135.19662
120.65864
8.8215065
403.01752
39.394714
189.68625
19.08544
42.29688
749.3827
32.444626
17.562534
279.6093
354.99924
125.08766
49.46592
111.193115
13.0111065
53.046745
17.19124
34.60544
216.35007
20.827435
25.371212
470.19376
601.619
224.85051
1269.5013
76.22182
361.01666
62.30056
65.95782
303.71658
33.71068
53.23281
435.2388
15.888309
6.8864136
6.6694975
23.071877
35.835686
39.94004
185.05482
293.8666
32.080368
19.162586
25.72968
18.44301
296.13135
130.31207
295.00763
126.20756
878.2428
52.474277
12.729188
477.42154
12.85931
8.5868
11.782672
18.199366
22.81488
112.43823
4.4097304
174.87352
10.113459
57.837326
3.4768078
82.1381
10.118353
24.815737
4.9957685
5.1639686
128.66302
172.5339
1439.6794
168.30931
10.9121475
171.31903
12.457256
6.0253406
348.3938
13.531448
9.86302
223.24278
47.302746
6.0826955
8590.773
33.30677
15.941095
33.69324
25.994003
27.666668
613.82135
4.0564947
5.980951
10.305132
68.08728
79.806564
380.18088
162.74957
11.306872
18.304539
21.042442
27.342743
16.040716
760.4042
20.902735
178.31749
754.05615
770.9989
45.56459
3.927112
27.826931
31.39848
85.51239
90.069725
323.05896
7.387957
78.52325
24.747831
61.499294
11.605736
19.061329
11.268077
46.296673
14.620188
34.032806
7.014994
449.42834
10.689181
12.626345
13.292576
35.92144
37.998177
3.82159
11.442934
214.37572
20.551971
32.830532
20.619293
11.471409
11.698825
18.204147
617.4347
18.28261
11.712681
182.4795
59.472076
230.4434
64.66249
38.566456
21.196651
32.43178
6.5500026
61.754013
649.41925
11.990368
901.3873
18.415386
58.061703
23.138935
3702.9941
13.213802
16.04856
577.25055
387.9502
14.397144
94.267044
8.779032
26.367393
124.88991
25.71303
25.822697
13.470354
906.2305
6.741445
38.2198
17.271074
131.90141
17.395435
17.184351
1264.7733
93.06206
10.314556
17.02492
98.15757
9.685116
13.285881
676.9205
15.897459
63.8987
22.988964
20.50852
124.42544
116.22234
218.2401
354.47217
95.59204
546.72217
64.39342
23.641575
4.0698557
3.3853564
299.2605
58.54061
26.054052
10.629114
78.402626
32.765873
11.080609
25.334896
506.17453
8.595999
104.406815
597.7905
47.882477
23.493196
8.322983
10.785418
335.30133
23.726528
11.206969
13.235523
222.9059
449.87646
106.32182
8.637704
68.670296
157.54445
16.778494
34.553745
16.615704
17.412767
9.722102
367.81653
2213.179
1345.9565
281.93848
28.752304
12.733128
9.694956
13.683679
730.87756
28.015568
7.943357
15.43303
1009.4751
52.339046
116.24706
135.64412
201.42076
39.3437
10.116948
1990.2166
26.49952
59.35125
757.7456
14.968199
27.505249
28.040894
1193.8077
16.279478
51.579006
1082.3535
12.3409
57.028244
119.88819
14.937614
866.5515
39.00872
110.256744
28.422363
29.268038
31.116892
516.00116
279.05188
13.629132
13.348818
542.6145
722.4728
30.151243
7.829191
248.4782
76.08952
16.770655
17.973576
186.53513
381.472
37.55407
64.94245
459.96735
25.398188
44.122837
1086.6556
237.93279
478.3606
38.679237
107.50911
34.828003
46.58019
179.53558
39.833885
39.28744
18.263132
92.506454
925.4762
5.9248986
806.98303
18.226982
140.7643
44.235416
314.3696
7.295248
13.473377
26.184809
350.91656
201.83206
19.865978
1588.9211
96.42777
14.91631
24.618744
48.66346
151.46712
168.94736
383.75803
170.70158
294.21237
303.387
957.78796
45.15953
258.06198
602.8469
8.350303
83.954414
16.209293
112.07547
6269.1006
1429.1633
35.385895
10.210637
1305.1742
7.7937922
18.25692
25.476532
60.433517
304.39337
17.619154
20.67771
13.0127125
724.77563
165.78354
6.33849
23.383736
539.58075
557.88055
1028.9917
8.207704
13.246843
383.42038
255.88846
234.51634
41.593052
568.5296
42.467274
61.931152
26.368713
16.334185
26.689972
190.16315
256.23755
55.29215
570.9175
29.143154
200.99075
11.704664
29.796312
638.8557
24.400774
8.874534
763.0695
38.56843
22.520878
53.237976
14.802624
154.18338
422.74338
439.32416
33.824524
219.06783
315.91574
1170.6721
33.68214
37.42479
163.05066
29.04825
6.049462
30.35809
18.867546
100.635254
27.022953
30.157541
25.759712
200.0271
26.171207
48.62433
2.8014147
25.313282
31.306932
770.77026
31.543736
905.71906
14.350003
106.64546
15.981486
482.30765
19.475067
4.8872776
5.085923
6.2932734
66.70502
226.64375
5333.9443
4.6058974
83.115585
12.716961
78.41821
13.279515
28.176582
28.821947
30.166458
60.451965
38.78844
12.531234
510.52948
37.377083
45.47013
56.081654
260.32434
70.65239
178.13962
1972.9187
415.1662
10.553049
224.61218
968.1709
260.08423
57.948547
74.09361
159.9312
162.98015
19.168943
12.649295
115.53128
21.32575
105.60741
15.983117
6.689039
21.833767
38.921238
165.13414
72.33245
342.7737
264.43707
25.36705
11.245811
23.867947
72.41721
182.14056
10.351597
1109.8774
1000.16223
53.043106
169.67436
11.744646
86.42629
58.47717
351.584
10.939165
10.447369
42.40036
45.77587
16.030987
21.965677
330.1571
24.341223
378.8609
16.726599
861.26056
6.326747
10.858731
11.358097
36.388153
2951.5693
9.949849
62.987556
867.55206
15.561748
67.67368
46.817207
17.52917
259.57193
29.0143
143.23773
35.965935
10.253529
23.985981
20.2588
41.7837
39.251816
340.32425
541.79596
13.149668
58.244495
211.47482
38.152393
67.326485
26.603489
167.67577
16.557426
1203.393
676.87854
3265.102
273.5006
12.975845
147.7917
399.05835
20.14698
44.8934
127.39626
32.50294
12.071264
7112.8853
79.46166
36.55787
12.771601
12.374319
18.901463
20.625376
8.996321
1186.9453
514.6904
29.818392
22.291359
17.45673
180.10991
879.97363
51.537445
265.87262
5.2501
9.91959
211.61604
39.999325
14.481581
3.7156377
837.27344
21.54416
216.92847
73.03455
5.9688387
271.79593
19.964422
216.39856
39.74963
207.58458
12.06749
33.399345
179.69437
84.44351
14.902359
1602.3013
18.585083
64.35977
20.829784
39.60462
405.4168
13.104043
33.522793
8.017591
12.47708
72.58523
724.26086
320.73602
24.648685
104.25299
80.03087
86.782555
23.812458
11.916613
3.2085328
23.351027
7.115585
15.603171
14.378994
9.559601
24.415346
328.38495
21.009396
317.84543
283.70148
91.917694
538.60266
160.94992
360.85025
8.789699
291.1389
432.57513
357.59064
15.410598
85.77057
26.616577
154.20412
14.617327
36.648335
48.95745
14.852968
218.48749
8.442535
748.1374
7.435174
13.467789
42.81526
24.0455
32.443825
169.47359
26.411196
330.68384
25.01802
11.66933
432.6931
24.681906
87.15217
8.941176
42.65677
57.860195
350.24155
38.77474
26.439533
7.9664536
34.95763
6.7775664
15.477665
212.33653
1257.3489
18.691576
367.4505
39.688957
36.147194
43.407593
36.70986
275.02167
330.5339
367.88104
5.844056
56.349308
612.99097
67.371735
76.44541
74.63059
154.71533
5.189266
9.400568
9.61036
1295.2094
8.58889
62.79212
59.37769
29.237644
3.4471416
219.64197
470.58963
160.00558
468.57104
24.24077
12.222182
13.349444
17.341467
290.4564
247.22202
21.81012
53.81299
17.957249
753.6384
35.000687
362.80865
11.849597
73.132614
35.188286
271.43896
13.583775
122.56107
39.13066
40.18757
167.7415
293.87238
12.434734
7.0035686
26.366915
114.854614
41.847893
258.9017
184.45409
398.0644
1698.5602
804.48645
360.5852
47.004723
36.51541
28.400316
33.59888
21.501806
35.607132
57.578693
18.202381
13.169217
533.91736
11.245811
912.70605
47.827084
18.756351
156.80637
22.68362
42.407276
39.154263
156.94745
11.207806
25.250954
572.14825
51.3857
424.2203
14.900504
17.725374
10.0385475
520.0373
18.954166
11.555008
201.44746
55.804653
68.98533
8.433132
16.987606
8.486281
1095.7085
8.551119
29.34976
32.759373
60.710476
24.999084
11.68409
65.09908
12.398778
11.591103
210.39569
27.162107
108.21698
30.726284
11.618967
41.282295
105.06459
15.195766
26.988037
7.701332
13.4589
108.86435
28.80149
14.780516
65.550964
36.06039
36.62735
132.78021
174.40161
8.284618
21.425625
10.976736
98.27278
10.015321
791.55273
17.049597
19.01485
12.299996
35.21062
26.997047
33.227295
902.48016
112.58641
63.93869
40.602913
6.2930665
32.69469
209.94351
8.544931
39.34115
75.641205
27.746439
29.965889
3.7571516
5.714964
74.1111
1698.9797
16.297
20.436592
4.00337
66.39903
40.871685
208.61368
24.848564
282.60513
73.62289
8.848108
23.758743
573.20013
306.07748
4.4367294
23.790867
6.8099
8.434614
739.52954
371.57825
6.946419
1286.2654
2584.4138
18.097044
55.732666
46.043724
539.1309
40.378914
53.552544
6.294506
7.701332
19.951733
9.795044
117.775604
485.39233
442.39584
58.75875
14.413809
26.508018
82.01709
11.061373
361.55865
80.64694
13.139307
10.269148
191.4627
189.65765
27.942078
413.37097
38.680023
19.734327
167.20605
23.277016
176.48845
208.5021
32.86831
20.480028
38.20279
38.42614
21.01387
70.81334
66.37608
19.78517
42.510418
72.43475
179.22739
188.30093
5.6122894
75.25446
594.965
92.98297
169.55692
7.7992797
277.49408
21.104568
19.790487
17.320736
50.024162
14.08861
133.6743
15.193119
9.076998
480.1012
27.5184
17.321846
15.102819
23.37689
440.904
2290.0056
355.68427
6.7779064
451.18607
24.62775
35.987076
33.54955
17.781199
241.567
162.40515
376.83667
15.729419
94.02301
439.64832
16.51545
16.25794
15.445299
10.469639
568.11847
47.879997
126.068016
8.989818
35.79933
83.57142
5.0293646
23.273764
26.388266
1087.9087
247.12372
1108.3062
253.28827
105.20015
5.223035
42.172962
16.307016
136.55162
11.142481
20.590845
1008.73553
83.93056
462.97626
27.97464
284.51254
192.68724
89.94522
33.97193
293.14236
169.25868
460.9923
9.911382
1277.1298
7.835385
14.061563
23.915846
6.2930665
473.39572
245.51099
10.644389
12.329659
37.179462
180.2981
7.3657093
78.347984
105.23768
9.6898575
37.930626
210.66373
98.95253
53.90659
24.39277
49.163025
12.781184
45.955013
361.7799
7.8160925
429.76627
25.531244
108.44484
22.170805
7.9882383
788.98987
11.651827
27.304693
26.523758
292.84366
3.3853564
462.8639
32.84598
18.773558
28.287907
964.67926
58.125248
30.85531
153.50833
90.88621
136.24088
57.496437
963.68665
67.02168
274.40182
102.71336
605.35126
91.400604
16.07737
51.29677
149.93323
216.2955
22.171814
358.3955
4.58361
7.674395
684.58636
17.937197
20.12493
27.714003
294.4076
87.03091
163.92221
11.963215
28.656227
547.45
169.57463
435.0956
34.08636
419.856
24.846077
7.2687035
10.728135
21.47386
1186.4908
17.121609
38.16271
8.478951
46.61645
53.02224
331.37537
25.232738
6.2189665
36.89151
5.2603307
451.0755
18.086187
11.805513
21.1058
193.63382
11.502977
59.71703
54.869972
27.769157
7.7348833
64.04692
50.17198
15.993395
307.12415
20.146427
3.4471416
40.31096
427.20126
427.33145
71.1102
79.25047
888.577
3547.5793
108.66649
78.80292
466.8019
26.678043
73.26609
291.5119
40.446045
255.40536
22.607487
48.794136
2799.547
49.121796
57.455467
15.645403
35.131973
60.983673
37.106606
44.094612
386.1835
32.781883
5.1009893
35.43078
853.54456
378.98013
30.003843
236.17485
78.14904
38.78367
336.73358
71.46174
24.054352
18.187103
1382.2485
68.72477
46.61414
61.82726
39.689117
72.95175
509.4128
10.881869
17.362602
21.09007
41.809826
26.981707
18.866888
239.20482
111.30101
43.149532
30.057083
399.71118
8.035309
288.91058
14.831652
304.62454
610.1515
13.341191
32.59126
2.9322643
13.142832
309.21017
62.238
42.983982
28.40205
28.299597
32.29149
56.680637
9.862956
1148.7954
12.45879
61.81252
30.550467
66.068016
24.999393
4.953753
416.33545
13.01083
82.16897
33.75232
6.438347
302.17105
81.50531
262.9462
23.023817
18.126104
42.828236
8.28954
14.918651
24.63538
298.9664
1919.8811
21.046452
26.50712
109.02055
60.00321
39.696243
8.459044
42.061993
37.934387
65.98515
45.17327
14.946976
205.81068
19.80833
116.53966
232.35924
19.542973
222.24756
336.34943
2825.2886
725.6582
16.847256
5.5537395
119.933136
268.46268
7.6632657
62.08085
5.547987
108.1624
8.580963
76.90877
270.4166
16.854391
47.08318
533.6292
25.019392
158.23032
517.8691
466.06174
387.2067
542.8697
51.579006
1035.3248
444.5091
864.10223
34.739143
26.647264
12.319035
172.43414
32.201805
81.630936
279.6365
101.901024
13.580274
187.94034
248.06586
50.234943
19.48721
11.040202
1593.9508
41.893295
245.40283
47.57005
36.042023
16.897148
36.65264
5.4067116
33.350727
54.680847
28.659971
62.183533
118.935646
14.2065
14.407686
56.70813
18.329468
10.13732
547.9465
76.33908
130.18706
191.09232
346.6831
59.737225
24.83685
334.07758
315.14764
31.149158
65.002525
828.6312
300.32996
9.064276
11.293081
17.443932
8.939418
39.67994
17.915228
24.105185
17.926731
20.035145
648.33075
27.465471
17.081007
21.544926
65.22191
7.706238
108.96313
98.916016
56.704453
396.73206
322.62885
33.55658
584.917
9.577578
171.10016
12.879921
33.36602
12.349907
24.130455
18.07211
14.579862
336.50244
3071.6177
15.772857
91.56825
297.5333
509.4847
39.376507
680.568
11.736229
22.939415
30.073025
25.930534
5.0535574
54.024483
56.90107
61.546204
20.829535
44.003056
602.9875
414.12125
147.37706
11.046097
303.1442
21.320164
512.5066
352.51923
64.28834
7.38543
82.25455
32.832554
27.116322
17.773714
25.383368
88.484436
31.883978
73.873474
8.581495
247.12738
548.13544
89.94136
687.64014
83.41603
7.25644
79.62685
27.673351
18.244465
48.084946
3.4471416
13.376085
29.372377
47.15953
178.80383
14.836868
16.946323
12.499945
147.61491
24.870205
34.46013
840.8539
19.733673
678.27783
14.848047
104.60799
24.628725
222.99393
46.3954
317.56473
418.9019
22.149529
285.86768
99.20571
1021.242
61.002316
43.25251
23.586483
842.8972
8.525276
7231.1973
568.8859
1486.4639
30.81908
25.07313
958.0378
148.91605
51.093834
10.8232155
357.511
35.439137
14.213646
260.56067
116.37584
56.274822
10.478556
266.68243
6.4981585
46.536255
418.8853
9.79609
31.493717
60.044796
118.89907
34.12472
13.840054
68.97171
10.567382
51.39926
16.53162
52.878338
12.888116
384.53946
236.34294
17.702795
36.231056
15.713653
283.7836
351.55768
26.648415
44.12249
20.889683
163.40479
11.338706
9.660963
12.681869
158.81439
186.76048
70.74615
175.63063
12.042303
312.07297
739.29474
11.911852
1630.5042
14.120152
28.394785
48.66786
572.772
13.096984
30.73902
62.174847
66.18222
118.76552
75.81825
37.041534
121.57686
19.071062
31.927465
375.00076
41.14569
24.660542
23.740906
226.31319
49.28173
740.3834
774.20624
251.82147
18.852306
30.952002
25.465971
463.28497
17.595364
24.292437
249.30908
51.98806
700.588
72.63221
11.984378
25.367687
23.340673
44.79807
495.9574
153.20595
331.9311
6.7854624
52.734432
537.93427
592.0368
18.942186
152.40947
49.116524
723.30145
130.83228
18.50006
221.19244
205.06511
229.17216
322.7518
4.044171
10.728864
12.070249
727.9226
22.645233
269.12726
161.50069
449.19717
444.56464
223.23842
75.768524
960.605
132.61905
16.655254
527.8702
84.3936
14.722541
516.0041
75.282524
39.181767
621.35693
395.95
1279.5643
561.0945
31.041267
626.835
66.839066
179.90553
9.965622
107.01075
133.52249
19.473034
93.40019
188.30093
11.340427
336.55396
197.14676
164.52094
72.31176
475.67294
17.178347
3.532569
8.130776
691.8157
3.0562785
5.5218644
24.839952
16.091282
31.954752
130.54474
57.43158
14.763251
43.38909
23.94386
35.972633
204.86838
34.549488
545.3199
13.939995
496.51703
11.347317
25.868753
558.9648
22.879055
28.828022
692.5576
4.6450014
130.14665
20.261621
1257.9353
272.81314
4.5416346
177.6467
711.6736
16.068415
899.24426
4.2453036
742.9524
10.854346
1863.1174
160.19498
162.6277
29.30886
5.2668767
6733.8438
596.47906
29.775135
72.72543
39.539276
376.0293
14.991052
1098.7572
898.274
23.367702
352.5177
13.984945
169.06227
221.57669
48.79792
272.55164
601.8262
23.3219
23.642921
221.24423
86.068085
386.97375
28.0073
14.469947
9115.305
115.54329
295.1441
34.410625
62.218594
55.606285
36.168236
62.317196
18.679142
92.29624
22.384684
36.74053
454.63025
230.0316
82.90766
6.194862
121.19415
29.962067
201.00629
12.630545
13.252887
6.6645436
60.440636
46.984085
108.500336
11.285187
70.83556
9.208319
43.117332
31.354298
30.721348
1309.1765
12.518256
136.55696
450.65305
76.19329
621.40405
4385.951
255.5151
89.30107
5.301855
20.234848
761.9718
46.96115
7.617821
19.12046
173.46805
932.135
874.41473
5.223035
45.188065
107.89284
282.74194
48.57943
14.678327
73.235916
18.55456
12.745268
618.78406
2513.4233
8.49118
47.996258
262.52737
5066.285
35.321716
9.604805
24.954332
19.327322
151.51906
182.51276
134.12225
841.6
46.417877
59.31719
60.65122
53.78349
13.053099
21.556522
69.01935
878.8955
278.90622
765.4912
26.968464
81.12095
39.524788
121.52747
60.061806
245.2483
242.5556
548.90857
20.984081
5.714964
11.524357
169.78354
37.566715
60.66354
242.89183
11.540617
32.69518
576.43964
35.222507
7029.7495
1460.3645
4.4097304
183.9407
12.303528
63.782204
110.17439
3.6793752
8712.928
133.55077
955.67255
322.53888
4.425794
2223.7478
1211.0576
49.233204
283.60126
9.040694
64.14035
8.606221
370.9984
582.3536
7.867903
48.418724
8.327014
28.840067
98.081024
79.56798
8.893652
1191.6602
275.5997
86.52856
56.768383
24.517365
1325.26
82.76854
29.441607
716.54663
18.67368
22.964039
23.799427
47.202904
288.3584
43.499924
185.09082
8.270251
43.11177
103.02013
19.889713
43.275566
22.585167
794.475
28.12621
10.623997
120.61768
58.518063
171.10382
46.82483
155.87503
121.15555
192.46594
446.3012
25.046608
196.05463
1029.4353
192.3063
155.17163
129.05307
19.128721
579.3388
15.591353
19.20243
79.362526
594.0726
44.517483
195.75719
130.4269
21.530851
5.996151
25.072855
383.85742
467.45322
10.620304
18.655317
12.182621
1076.6178
17.188412
31.03232
582.1929
642.39246
116.324135
22.545101
25.177416
141.32385
33.794296
38.254524
627.77277
28.911701
148.86862
14.8224745
74.77789
16.925037
216.13797
12.717503
56.227882
4.9513073
119.310486
808.9402
12.171897
16.984343
146.10889
682.1981
14.698842
18.254816
835.5158
38.469856
19.980003
70.681
6.6702137
17.5049
18.957335
14017.681
35.671543
28.381607
5.8560586
208.25946
26.583307
10.124134
103.41136
99.41877
63.394333
215.28188
169.41266
86.28308
59.7904
1065.374
6.4902306
10.567518
160.556
195.42722
403.93332
565.98047
78.594986
21.861097
104.78612
1486.1045
478.683
274.6322
5.892218
893.25305
49.980457
22.695288
24.350092
286.27158
49.881424
40.946934
18.514435
83.068436
37.41618
252.9303
34.377472
9.938897
28.668282
684.9282
9.957008
23.538778
19.29041
36.249798
208.88522
56.522938
31.126738
22.539959
86.00774
31.796646
11.218143
21.08452
55.371567
38.766613
49.832165
258.21817
14.308644
51.937004
10.743009
27.657118
263.4016
17.412937
80.18963
26.489697
39.90837
10.14272
7.5224915
118.83457
90.971924
43.249653
26.106346
584.28033
36.38103
190.81041
342.54202
35.905285
30.467863
580.36847
28.633984
1257.0449
101.374214
31.781261
13.355767
231.27342
26.23578
48.357418
174.58981
148.11397
372.78592
260.16635
6.4884458
22.447052
434.43863
9.193259
51.25435
13.779369
9.3444395
141.18207
115.59305
8.65011
95.63166
312.46353
11.688841
37.57225
203.89856
458.3666
300.36703
20.458326
13.853688
94.90025
22.369843
195.56229
56.70813
34.974968
360.40607
40.144707
23.285423
34.014458
15.026894
2804.7637
1220.7273
735.2217
735.2806
963.6485
571.07355
30.506577
189.4039
133.10466
8857.052
37.24303
29.171078
48.006157
13.144092
27.809181
21.525503
697.7708
60.37957
14.514128
368.88037
71.28082
406.1432
118.776054
668.84436
708.7006
129.41771
666.1056
42.105057
63.395027
1866.8596
7.846961
19.427185
5.3306184
10.839318
3.8563695
19.616842
50.816628
16.839111
46.636337
454.33615
746.00037
1186.9673
28.988245
9.483147
26.560349
530.31836
46.37493
420.11792
281.06436
65.45876
40.179657
222.55936
16.820457
947.92664
368.1406
7.610917
18.111513
16.273575
46.764168
116.84041
57.80507
54.701473
24.031326
441.28995
29.30422
14.446065
40.558792
62.730083
33.113674
25.822586
22.10428
858.1041
350.50552
85.245445
152.73999
34.61936
22.539373
3.7432234
75.69764
15.757836
4.4899054
6.0253406
424.7411
49.99092
61.402744
7.992498
11.143193
442.83252
123.61018
14.999936
90.72777
16.809416
45.61693
31.224495
20.34733
44.108585
22.683035
121.402664
8.470714
7.4201484
5.714964
349.4085
24.387543
133.44197
19.339417
43.556774
8.528962
411.76096
129.23776
18.420586
7.8976617
7.994318
597.1524
281.48148
33.12562
15.230533
40.928642
265.8227
33.35838
33.54042
7.9195337
33.574314
3.3853564
466.68732
25.107138
1028.9607
16.274467
2671.7083
18.369173
51.325287
337.92163
38.554356
21.704485
1557.3633
222.34265
25.836615
24.634262
54.140068
153.8226
378.16925
918.68274
29.274284
57.122192
28.528063
83.48535
8.557043
21.076288
17.306046
20.2499
69.63445
313.65955
10.161341
14.445556
10.599594
6.9477634
115.344505
21.81452
163.64972
21.045286
6.4780674
17.684326
42.177277
22.76917
7.346808
69.07723
12.018026
15.548166
23.436575
45.621822
29.67247
51.579006
502.93906
152.38179
52.6595
16.96003
228.18642
230.23505
108.35831
12.344685
65.29111
75.29789
11.157189
526.8228
16.561058
198.29605
24.057364
20.349863
25.630352
57.609753
51.647575
51.81115
137.6062
34.79993
26.703123
317.83664
77.42007
21.495707
21.835974
154.7306
57.02093
12.62012
14.403214
54.057404
12.139852
37.74947
28.651718
6.9020185
24.609179
339.56888
593.9797
2469.3738
6.2328043
39.02188
57.22107
43.60297
10.775127
281.62982
202.38013
41.254105
15.944859
7.223941
2536.3225
27.412441
4.0564947
9.12706
5.9177485
5.7688837
28.444437
17.890255
197.13567
68.197395
40.169483
34.114407
33.655716
5.6705246
163.89337
1061.9708
2368.399
60.21462
116.66943
72.28594
268.40674
5.841509
26.67709
326.22324
16.242945
21.90897
191.62373
261.58408
603.2515
19.729538
5.714964
46.727257
23.78253
28.795956
270.1556
7.832839
138.13649
20.375492
7.0993094
15.326824
4.971338
8.4591255
404.31677
72.02301
60.229122
28.191566
17.392948
231.33981
29.221273
47.272858
237.21127
319.78952
196.5257
678.7683
38.79131
98.15481
3.9812648
16.006304
29.63408
62.59443
10.396054
67.19451
29.99802
84.94684
163.56436
1754.3252
902.96954
29690.49
406.39172
6.362503
358.23062
39.777813
37.634632
5.6122894
456.82568
21.888374
55.538475
23.39496
12.687923
3.2893915
16.677189
399.7428
86.13016
473.9692
413.16602
50.515663
505.6566
321.70145
105.88519
11.513687
17.651257
18.648977
12.657009
11.310712
8.600792
406.86676
172.1957
6.6019983
103.92922
24.192081
470.37448
201.05766
5.8229265
225.0745
71.428314
30.589401
654.1355
128.58533
48.849033
23.377075
85.68828
44.22409
275.87213
69.397545
8.696565
359.52347
4.6749024
86.54089
86.082245
261.55377
689.64746
40.724903
16.927845
27.287903
218.72171
31.745623
83.64322
14.84558
13.154593
8.401353
9.026221
444.99902
107.04147
73.431595
830.7015
15.4199295
24.101524
174.97261
710.6515
586.1178
72.93158
63.79531
601.8758
54.955753
11.556004
75.600136
238.51187
71.240486
5.389743
131.99522
103.53574
85.67941
47.808968
80.24364
4.988061
17.367819
505.2194
153.65897
82.28252
716.3185
1309.7203
103.89925
103.25816
70.28616
56.34595
50.333477
371.60748
8.794044
7.8041453
15.313065
25.86324
46.366642
9.49728
5.870097
120.590485
31.701164
1036.6201
477.11816
4.0301623
293.52853
29.65742
199.89905
479.72955
7.759059
186.49013
17.57477
853.5751
59.468307
12.920781
644.4527
9.323465
50.06067
28.223457
23.455536
175.7134
1316.6866
1088.3809
25.630823
2256.8892
16.631826
14.109293
52.92947
14.137764
28.602133
325.43396
7.034026
29.641224
51.75231
9.103135
9.0805025
209.25818
20.886803
18.192081
342.70474
11.834551
549.4365
147.28342
624.67114
15.863387
111.10757
13.353389
37.896584
297.25876
8.4983015
58.497417
304.14294
195.36516
574.46674
710.4614
27.740948
6.6958036
89.51897
35.171772
16.855833
93.41729
7.519364
21.347721
11.71283
126.850044
11.610396
76.87192
63.469646
63.28666
106.10541
51.0022
170.41278
7.886588
37.350803
399.53775
48.831703
11.0743475
594.05896
41.999683
4.5189466
9.584063
218.06284
127.968636
1171.0775
72.44374
53.344944
411.46222
836.741
52.13414
422.37082
39.540577
5.3974037
168.87712
187.3345
29.96954
15.395039
327.89835
351.4479
14.266245
374.95105
346.30292
36.407646
42.344795
25.963537
102.74222
55.657192
59.913948
967.5308
9.667237
759.20166
27.444958
21.479881
484.07416
252.53526
34.678387
85.86358
51.100136
758.18005
432.24976
29.182062
583.1005
312.72693
351.48026
26.92178
340.74368
30.86604
515.4805
45.785553
60.340195
6.939367
1845.7339
50.09379
22.391148
23.166534
152.90636
37.537544
244.72484
14.672337
14.748514
460.361
22.34009
709.3961
555.5715
4.5948877
67.01382
21.127298
65.123955
31.542614
24.913624
194.82986
29.695343
37.80663
293.68954
29.362478
16.500713
145.95778
11.179749
291.622
13.169217
500.5628
43.204422
16.008593
20.412018
761.3108
7.0196896
18.266079
293.224
6.895114
8.722866
17.740881
13.51931
111.78006
30.343336
37.44852
21.263573
73.11909
32.926373
145.08333
25.562393
160.3612
1285.0258
9.27158
8.2346115
216.11035
49.52973
73.434044
62.416107
368.92136
485.99054
31.861263
26.81679
377.23126
21.386326
1683.664
372.22925
48.23501
7.964562
27.282795
303.93448
9.79125
26.725052
46.57568
27.221823
25.700422
33.89613
11.324371
126.33689
22.621288
289.53586
140.05774
212.94418
54.429382
12.4011755
265.46283
7.5251317
33.216667
24.302528
312.10706
109.72676
30.270796
49.037254
43.098175
12.92548
808.4759
55.49321
98.05447
243.37167
543.4009
52.580025
50.887493
31.075344
156.22968
5.048124
329.6979
158.27438
26.221624
84.72067
11.461567
37.045826
30.52096
364.03003
36.88655
331.7469
813.4705
21.552227
166.36464
598.8036
439.60013
39.885384
47.628994
3.4768078
33.91309
63.000652
14.364024
482.0706
44.560234
502.6547
5344.2344
4.617829
32.7556
3.2628121
21.677835
22.63312
31.790583
14.196316
8.689387
83.37805
11.745016
11.1671715
92.69266
173.9941
567.5802
81.06183
101.329414
1016.2236
23.800266
322.2271
12.811898
192.8619
366.1293
91.69255
229.44826
14.400508
36.12281
196.59778
345.5107
1340.2477
21.430645
337.6298
11.312171
327.39807
623.32684
36.47451
45.788307
29.925941
223.55948
31.466007
415.78333
10.036657
211.42471
59.496727
41.96269
40.816566
7.4330773
916.9654
271.70148
394.6317
17.591547
43.067
50.866096
20.327713
7.4532757
20.871134
8.257392
28.214329
26.416069
470.5147
78.607086
333.10693
157.81181
13.330876
915.7214
60.402924
154.96364
587.47656
17.693432
26.350103
107.59378
11.554755
10.061954
43.501408
41.440746
34.41009
959.11426
536.16425
33.266445
25.854012
482.93155
80.53961
15.201072
100.61683
16.13015
5.0671573
452.92215
32.05998
373.45612
23.1175
258.52643
4253.1104
56.69953
23.71921
29.590775
19.661797
15.982992
23.497566
13.622885
142.90187
580.0301
8.783514
101.00043
380.0752
12.366253
71.97515
140.9785
35.291267
42.343838
19.07033
88.00894
208.32709
17.504425
52.519924
133.5302
44.60153
2228.5703
32.568466
23.994457
22.482101
90.830666
24.845455
11.763621
91.01019
57.69935
32.979362
30.300552
495.36487
16.21842
18.914143
22.657972
757.6669
77.514854
2094.5806
493.23627
38.415108
81.48059
1166.1565
10.798741
518.0899
46.766277
19.795013
178.19627
12.005186
32.45245
66.13777
105.57544
217.60124
278.61206
109.69281
14.392456
333.72873
60.57815
255.50061
37.22161
36.23542
1763.3931
143.5092
512.0503
53.464645
14.608394
14.587942
20.184597
239.93468
257.28275
244.17595
52.48977
1297.4124
14.467155
8.857919
1040.6669
112.6306
1321.3711
2349.4446
22.785088
293.73676
18.68476
19.886513
57.70433
130.88307
124.6461
303.1442
246.42653
201.05104
88.602356
4.2150187
23.256886
380.46362
67.733665
177.82025
3.6793752
38.924988
84.393234
35.282333
256.51834
13.156605
30.353176
75.50045
10.250579
25.808535
310.97015
25.64814
138.86235
15.670359
17.327572
13.856198
1036.3646
225.43936
8.866599
69.54486
27.826147
694.952
14.320316
29.368324
25.758636
29.908167
6.472951
26.119675
64.80291
1003.522
34.19127
8.932408
469.85754
39.798313
17.446764
160.15053
455.14322
8.061082
18.525425
880.85736
43.85235
27.665533
232.82628
37.41626
79.22943
551.258
414.04425
156.01498
27.967484
18.589085
39.36006
74.510124
55.61188
584.4977
350.23688
380.28967
823.3464
7.933243
3547.2817
10.085566
121.619995
916.5077
327.60312
42.78234
30.719852
20.087439
59.635277
3.2085328
58.01446
86.46071
19.545944
51.11483
23.047829
225.09177
228.46492
162.80034
23.16927
116.222176
132.93593
25.748722
29.172665
702.33167
72.413414
363.43564
5.7979627
1213.6099
27.805084
47.514915
37.896656
8.703179
3.46085
18.540342
20.850815
21.416471
55.999054
284.39902
42.352127
15.677688
163.56656
179.62138
21.95207
724.0948
239.60597
56.064568
68.90278
600.8386
9.763519
8.503582
710.93726
28.082582
15.693372
194.738
21.078938
691.8157
18.045567
58.78005
59.732582
65.802414
472.36884
309.93613
45.598454
438.70325
54.02179
1368.4744
67.80838
13.307898
15.145065
7.8550715
81.14192
200.75914
139.10849
13.811603
151.2162
978.032
8.276146
1253.5822
2152.6536
92.63539
399.55814
12.424425
168.7254
217.23476
122.279594
1477.2667
174.65976
199.24138
26.308573
1972.5273
87.10331
593.1784
18.256567
22.664017
27.212908
199.14061
37.437454
40.298775
51.18428
206.28662
8.349452
227.57541
8.449068
76.19725
176.80794
298.94846
257.03113
23.766665
110.84684
204.78897
279.1163
21.561113
23.613632
12.014624
895.88794
48.183434
29.362673
444.83948
48.113007
28.920517
1248.5729
293.46628
9.172447
22.006784
10.377356
6.000509
15.685445
19.4624
31.118368
34.95618
34.209637
575.4246
63.048286
22.334562
1284.8591
114.442635
213.349
22.49688
59.111492
34.80726
350.1223
22.714191
38.145016
12.6909275
441.48294
31.049572
227.18823
69.8799
3.7432234
81.89035
35.507996
6.9624586
498.6624
472.57703
113.90752
402.1947
8.690216
18.31993
39.29674
43.08436
14.576594
62.22325
30.942165
585.2499
20.502335
303.26276
35.741238
8.906074
98.01375
23.040802
15.172193
3.4768078
17.49379
30.73224
305.46558
1210.0676
52.1408
29.576195
1947.356
197.02573
26.322615
88.26724
236.84238
338.40295
202.05759
1160.6567
8.491108
235.72246
29.552265
29.048756
43.55801
17.845955
154.88814
2769.8857
80.24249
10.135278
13.967395
27.989902
9.0683
41.01614
147.96368
34.52048
62.3534
196.73065
70.1877
892.1433
44.966393
15.706874
16.408537
24.120516
243.6457
21.175018
24.072344
118.457275
1537.8308
858.7648
1054.2643
53.44465
38.0634
31.9505
14.955296
314.86963
31.849226
14.641701
13.347611
561.4261
117.417854
15.962161
78.786125
821.08966
68.27083
663.6178
910.2183
12.839496
4.0564947
31.374376
145.03644
9.1099415
240.07007
31.53614
17.984892
38.66574
265.0985
138.006
22.604042
331.8695
540.1262
45.52743
25.03899
301.24988
457.87183
1476.899
5.714964
322.58347
34.44138
41.827194
29.583458
18.766249
54.31207
25.836393
1370.6091
11.000142
4.1500845
42.470573
140.0594
7.75754
31.199366
14.879814
42.0579
574.7383
24.911247
481.09076
173.21281
49.559284
604.54645
46.207848
302.75143
32.989532
2401.9956
24.60127
39.340137
23.421883
97.16103
20.709785
101.30516
444.10193
408.61252
74.70366
11.324344
65.629814
666.2107
36.625175
13.941757
1076.585
12.234395
277.20645
273.03268
92.92282
6.472951
37.19558
4.839081
122.93251
261.24017
4.1339846
456.95752
570.40265
10.491871
181.05478
514.5422
282.58466
203.51721
967.4713
13.576078
191.35089
10.653978
30.837667
558.10724
19.714169
53.946754
149.70383
505.8027
26.905848
113.02604
18.54529
66.070946
9.302017
24.011734
1065.1196
16.105652
24.773535
24.303547
10.336681
46.760403
19.187315
697.55786
31.486834
19.327234
13.56476
3.0203013
74.546585
612.1497
550.9508
223.67506
13.908348
127.96351
56.70813
37.35555
515.0948
25.747677
21.014582
67.07293
62.99269
143.97777
25.722742
86.378044
169.06163
50.00043
651.0337
132.67642
431.77164
14.574085
482.86798
638.11163
74.592316
46.67734
716.6618
27.404018
19.000406
54.291004
40.297554
183.2222
18.899426
5.6636257
39.01325
326.10797
315.50522
1137.4902
42.83661
94.05202
794.4087
44.590927
35.610165
113.58691
157.1507
374.497
5.7491875
19.474976
743.30817
103.46936
45.87534
18.15484
8.411077
20.852043
16.068815
15.3710375
449.67807
12.508187
12.351258
185.30869
9.843653
195.32278
43.896584
705.29974
95.20552
26.815273
48.343872
23.580906
15.660768
128.12042
17.183405
478.63623
233.92552
25.739225
42.49839
454.4549
16.640108
195.99377
6.584263
50.312767
101.88689
4.863511
764.1123
372.939
491.8984
327.41495
1646.7847
112.882065
19.891169
15.036262
58.979023
10.709612
476.56677
9.508359
19.131222
350.6976
526.1884
176.68448
1352.6975
39.868713
18.143871
5.806296
27.223894
126.04253
11.489482
538.4098
56.92229
122.12448
377.16492
20.24684
13.260311
3.4471416
902.84216
177.41287
37.10935
67.69582
10.757208
490.50128
19.501785
18.116121
21.630226
1068.981
7.8152614
214.23245
12.862917
61.774803
845.573
48.38414
15.566464
330.4529
7.172557
97.03015
7.701332
28.524826
248.65385
9.184658
13.602072
56.713783
14.681848
232.63773
26.231897
62.637096
49.841553
4.79617
5.856955
27.257828
310.40366
311.0814
18.158724
62.988518
193.20872
43.467514
57.849213
35.67703
56.942867
509.37857
15.067206
311.72168
1085.183
22.883892
117.85606
19.732634
13.6052475
36.852646
433.3729
653.1297
276.30115
490.11365
24.248915
103.660576
11.445398
2.9322643
24.597506
24.146587
44.078888
85.73548
90.640076
11.440784
211.15007
8.9873495
22.450697
18.773306
419.9463
68.689125
32.442978
364.84747
32.924667
161.17726
8.684204
24.89845
34.607544
489.5699
2039.5673
1012.265
34.50701
23.602741
119.185394
13.397284
629.30334
32.405766
111.55318
12.464325
41.3024
32.059128
434.33902
1647.1616
78.034386
351.37283
241.66597
133.49893
15.125802
23.69698
32.900036
1354.8542
14.342068
49.937515
77.30273
15.314722
102.27751
481.5778
52.884262
24.698347
32.03936
48.196323
20.771172
56.83615
1027.2498
321.04926
135.14693
41.839104
64.797806
9.162422
14.205548
205.71306
39.11293
219.94789
387.06787
54.944145
154.36118
12.167133
21.788666
519.8008
205.20538
20.09965
14.708689
479.21423
803.74835
18.542194
12.822343
58.953323
44.268143
544.5975
667.0356
43.729347
534.91986
63.081543
8524.545
694.0029
39.821995
553.16516
31.987118
46.956863
314.73438
9.145735
58.52035
25.578377
362.82477
149.65723
260.16846
490.13327
27.476803
27.961336
114.147514
31.93198
361.95108
27.696194
69.945404
404.3357
25.211655
113.17909
35.624397
476.2106
47.981544
22.74747
80.57395
383.27014
4.1204677
407.21613
14.393053
71.50673
23.507349
7.2414293
31.425299
618.12317
345.2189
446.48
7.7482185
38.100697
11.433076
44.96595
69.94644
4.6446924
302.16833
235.49753
570.68536
5.799503
28.652946
316.58377
15.602692
21.025396
31.065277
5.0110965
29.169277
21.085024
1946.4935
1106.3953
152.32745
28.688719
97.37936
27.943556
13.041337
14.776777
13.987446
110.28888
726.1826
629.5813
33.182346
1973.6733
20.247347
409.2404
8.43512
171.97061
361.62622
13.544026
26.961842
199.35086
148.62823
86.83947
20.235794
213.60736
1081.1007
11.289845
47.74306
13.276568
24.390951
904.6538
48.07912
7.065698
54.06492
293.81198
22.336527
19.303024
222.97937
27.51403
393.19238
23.248093
471.4766
19.999338
11.124614
43.823143
81.52782
83.48153
836.87866
65.89856
972.8737
81.18654
15.645303
58.15724
17.183994
173.40387
197.00758
15.738421
9.419636
834.5415
8.761666
313.7677
239.5508
145.75775
25.596094
676.80493
13.981472
84.44621
91.82434
9.861656
903.56525
66.28525
56.392586
17.865345
225.8702
33.03319
25.970644
56.63425
29.105207
33.945732
11.489438
13.289119
139.06418
16.688816
14.529718
1826.127
253.95717
14.441464
14.540267
17.879044
35.232864
30.965029
516.1131
887.64197
17.20594
119.210686
4.8126817
40.42949
10.584042
10.500036
502.27063
1034.6873
15.234305
17.665123
21.723423
7.4159904
162.88544
10.616563
10.828139
80.760315
2763.5098
30.908957
17.693794
9.445118
771.1511
38.399204
1345.0775
15.654082
26.401468
628.46075
216.49475
512.7237
11.330782
43.27587
327.92337
31.205465
27.726805
40.5119
26.772352
42.574764
4.8943233
26.609844
27.121824
9.956277
510.96298
3.042471
7.2576566
30.977966
38.976974
184.24796
18.583992
20.535069
63.43603
2229.0198
68.141945
697.5123
35.850403
18.393486
220.67422
97.35006
14.369021
234.27939
21.665756
20.529438
64.76488
752.3089
160.56972
89.641174
38.946075
224.45523
118.77662
22.37444
31.272497
102.84059
3.87603
178.23529
416.65915
57.534805
54.27453
179.5551
6.5170274
2770.673
477.74945
29.588482
63.199265
25.129595
39.591526
7.117262
26.70749
21.269539
21.407001
5.443959
5.169102
16.530924
703.6061
731.704
9.945772
61.283195
23.727728
7.507323
227.96336
531.5914
22.258968
44.57833
116.73493
54.121136
158.39427
14.91688
106.32491
303.56226
289.31906
257.10934
530.0876
40.8417
10.256079
53.814133
108.72345
506.68985
44.072414
593.99585
21.94046
238.61244
12.651943
56.41176
349.9659
104.616165
31.168488
11.980467
7.7765565
385.10278
15.412781
13.791701
14.445624
9.931391
429.84064
141.98723
5.234836
28.025429
1127.6587
11.003662
19.607859
506.27084
13.571214
114.19373
3.4768078
47.63582
23.984488
10.965183
13.841152
581.6551
283.9364
9.263271
120.66606
28.968016
14.305738
29.931145
18.87478
625.458
12.656061
10.652043
11.888203
38.81888
192.58014
5.750113
212.63797
330.1609
88.99135
341.4232
4560.6763
18.210846
15.26979
295.48517
108.75103
145.64687
10.409036
26.992735
230.24438
10.625684
582.61914
12.347142
29.34536
77.5718
8.003341
16.02724
14.543048
39.293518
1196.6511
9.954576
38.412525
22.130526
33.253387
820.9476
120.590485
32.174362
5.7809753
35.575924
129.8431
49.64473
5.165779
16.796677
90.91915
73.991714
25.15701
18.988651
32.60106
596.47394
4.295925
196.75871
77.7758
48.467255
319.21774
88.19534
59.878876
94.91351
127.870186
62.531574
1062.3481
38.24051
19.110703
795.51666
43.30184
25.923777
571.99115
43.416008
15.78753
70.83533
14.128999
190.78003
15.663707
8.365568
103.15462
16.306362
54.82423
34.083164
78.7403
420.7059
12.114284
32.645164
62.994884
17.206211
37.796894
168.19933
7.5609775
629.74976
5.9993906
41.16938
18.241394
3408.581
4308.353
16.577547
188.40935
42.013832
18.141869
27.46792
16.244387
17.425074
6.0233536
912.43713
40.382576
700.5693
4.5185723
15.333155
282.89783
21.685268
25.05089
531.8094
712.1607
65.317116
64.5087
25.781973
238.31885
21.00661
4.04928
14.58283
114.13032
4550.8184
4.1339846
231.68524
19.83801
11.145489
28.285473
71.368164
22.475338
15.382901
8.058897
10.157133
9.464673
9.019144
380.86603
10.877201
13.334574
22.055244
13.985132
13.93939
20.282476
253.44206
25.875742
1652.285
71.7981
142.03247
246.56651
9.591812
273.5709
230.0316
219.64343
404.09705
33.655766
460.96286
43.114906
12.894054
17.489048
43.763775
8.568991
5.9453773
284.3342
77.60232
40.4721
134.07545
251.16335
167.52168
329.5954
231.16031
42.958645
20.992373
12.680487
125.59616
370.69904
133.95001
7.524712
752.31714
283.73096
29.755201
7.1103344
20.828438
21.272324
14.896828
1342.672
241.1614
132.20284
257.68854
28.577389
683.0004
13.213238
493.57083
183.43445
25.009064
4.941569
44.49485
23.463634
126.35605
5.447705
112.19439
62.46178
483.63672
12.222677
29.02703
5.602569
483.565
228.38354
109.67513
18.319326
8.195934
50.260723
19.866364
209.99457
801.58813
48.367104
24.230537
19.290138
266.71246
18.59729
18.84988
18.352835
30.633484
117.86353
1037.3372
2731.4976
468.3765
9.234061
34.105755
34.148716
7.01947
31.900196
43.368656
73.96181
268.59317
68.533005
479.42566
5.2179117
12.416891
10.221489
78.691284
21.662802
14.597228
144.64098
180.79355
873.79913
24.618645
15.01524
5.4258795
28.892103
189.65765
5.420042
831.7863
20.876314
410.26086
411.5768
311.15854
20.012379
114.851494
14.511256
27.3536
22.801662
310.5302
79.233246
9.064262
377.53467
6.6872964
16.063335
541.84424
215.00305
17.547174
639.23724
500.70697
490.7577
82.29205
37.442566
166.0143
28.66226
37.75783
188.45804
289.1843
22.745005
4.4388022
93.420456
326.97855
95.31471
15.091502
516.46936
139.9648
192.84901
244.19212
34.847664
195.61731
19.045965
13.771333
49.267574
131.264
192.7229
23.72904
134.08267
1342.654
17.943596
249.57005
22.65311
47.0885
54.598385
244.51978
98.90012
86.318924
1920.9773
80.21678
62.32186
12.91622
754.39996
286.31213
41.06347
34.064976
439.99585
469.5216
78.11119
11.631209
236.1091
26.621489
55.345936
134.81578
35.601624
183.82391
19.355072
16.558302
1428.6414
12.868631
2528.349
623.4356
13.2903
19.579046
20.828506
143.5166
11.253381
8.203407
25.115065
1405.7185
328.2552
153.80264
13.299991
163.49792
125.17519
310.33038
18.76769
12.145352
446.7901
1132.9033
101.002594
82.756546
34.551563
638.8268
42.65623
37.08715
10.832506
71.42386
10.855861
14.05369
2169.1584
69.39503
7.7937922
46.416447
47.06122
451.64972
60.4887
95.92514
877.0472
18.278652
315.3023
15.95098
13.433514
54.857365
845.3473
14.052446
53.47297
841.17633
12.769838
8.578392
32.763687
1191.4891
298.7223
45.666103
27.382153
3.508773
317.2298
191.6082
289.60324
45.307064
47.51128
48.287407
4.0564947
70.17267
14.078882
264.80844
15.864889
47.942802
7.6624436
332.51993
203.65399
153.59444
592.88995
30.753416
264.5246
1973.264
43.275265
13.740593
14.0710335
15.580075
1968.6372
39.44097
24.76372
25.252651
313.33115
394.71188
53.145523
44.69191
7.1141996
8.2577305
42.375195
54.715534
294.8365
200.4975
29.730743
570.83093
9.556654
12.425687
8712.928
17.40101
1474.4967
184.61758
18.700562
49.934338
18.051159
37.288857
1028.2152
4.5067883
12.334158
16.807413
47.451893
37.18036
145.53363
29.272783
922.74817
22.889038
10.671667
49.044632
27.911982
31.404535
61.26301
18.865295
9.902
585.29395
809.6437
129.95435
39.22495
14.874273
11.1002445
17.027617
76.35929
2.9322643
19.878407
5.751159
57.414112
49.91803
774.2007
59.446022
16.011593
7.2881937
4.988052
24.808004
4514.865
89.96945
26.589645
8.347028
13.417551
17.89845
214.70686
90.563
5.762533
22.737095
9.556643
133.71803
31.284996
5731.1216
19.537056
1326.7054
11.245811
11.957016
1027.5153
69.97323
11.915628
14.060081
53.787952
9.107017
22.205032
181.32295
32.70945
319.21515
9.919937
643.63947
8.949472
541.3293
36.90013
52.930428
35.54423
554.5604
220.57574
733.0139
191.18236
22.315193
22.741833
56.03095
18.605919
43.12481
207.59201
20.852879
74.552704
447.77313
17.483658
255.1709
56.439716
19.31839
28.97947
35.922306
87.09031
248.18253
12.39121
13.439741
198.7745
559.4181
13.716143
60.113865
41.784607
29.628443
974.2534
11.445966
356.97662
16.469364
238.10313
150.26654
47.90207
326.20053
14.1672945
12.693369
641.68774
11.606068
15.653018
2706.679
584.2647
52.07589
7.8153324
24.970287
180.1629
40.280014
374.4856
22.5977
12.153529
151.41318
53.38067
1295.1674
193.38809
179.15092
127.028
3380.2173
32.6571
39.25861
469.75674
26.104671
222.67676
1136.9128
7.672822
136.43304
58.586494
50.702652
21.59253
2103.9658
534.4318
379.3052
1366.509
516.00116
209.98706
43.377365
206.60675
2.8014147
8.885041
1509.0684
5.1308203
14.6805
67.54614
29.829678
24.331875
16.351637
93.14912
48.71734
6.404922
20.806772
12.371517
30.726585
7.1789374
13.395161
34.093456
24.283623
63.83551
23.66237
701.8117
11.765285
5.841509
15.014362
281.63037
137.1302
23.355274
6.349863
1955.7731
498.43988
342.3913
47.907425
358.43823
834.6625
17.35615
16.828102
248.03156
84.337845
194.34923
15.671574
1113.5107
347.80988
53.42568
23.135542
14.985091
20.967478
144.46513
98.606895
194.94565
23.56371
123.16368
19.7197
8.505236
194.33217
222.54173
92.73373
60.326817
13.331763
30.495523
67.419075
1550.3674
14.80329
18.193474
25.952892
54.738266
11.677328
16.689205
6.865714
315.53394
5.8276644
26.78956
148.58345
14.403114
101.33096
11.3191185
20.69358
11.174782
7.3668237
369.12018
273.8015
664.39166
1747.2825
5.9145975
8.7067995
1161.1184
8.563027
85.82305
8.414471
254.98347
9.971566
123.52587
417.3028
12.712198
1485.7786
46.030106
10.580328
32.646427
28.633245
3.4471416
63.163776
10.301332
127.31975
652.3544
212.919
286.333
67.658516
34.385815
77.059975
189.7598
1411.9238
116.5261
18.411901
45.535248
62.51145
23.591007
6.8980236
30.587418
236.12598
19.837818
4.768702
2111.9377
4.580945
190.31183
14.352234
149.71689
140.50578
531.1961
1469.144
46.9268
21.76324
20.853804
284.70322
1221.207
17.080795
32.459877
32.297478
135.13269
1045.7253
68.89838
21.06162
335.78198
19.833244
411.09097
302.34906
476.30984
23.616234
265.90826
34.95604
28.480776
5.5537395
53.33925
869.32404
25.646091
24.621475
112.237305
10.660651
18.002575
289.90735
9.5255375
69.07417
56.281773
40.6177
267.279
1131.0767
14.012383
455.43542
28.590693
560.43427
15.587414
335.36816
6.1099925
136.9857
9.404625
1090.6168
12.342659
35.202335
11.374287
17.252033
10.779623
25.051397
2903.8164
24.3525
31.471186
176.84175
19.085768
17.563066
31.754896
54.048473
27.374817
40.242355
17.072542
29.621346
817.68616
23.766947
1585.1411
4.4097304
112.794685
109.838524
62.924004
108.5584
3.9833076
23.475574
10.704287
368.5806
22.757805
13.825065
18.013477
83.0128
514.8892
57.34795
502.354
594.9704
136.4035
16.925234
553.8525
45.993355
26.44848
20.037567
314.2341
648.7108
24.043974
255.91164
17.781555
23.021988
37.56932
53.0243
20.753117
212.70256
204.42847
55.45131
13.524153
103.77066
50.723763
12.154793
296.18372
11.224766
80.00073
161.82104
22.658226
2506.11
15.403994
73.842766
16.750515
26.515324
55.30863
31.481504
143.0245
313.10367
22.446545
363.4743
61.677322
252.9601
137.57504
85.225006
118.80358
95.30263
260.35883
18.20463
300.18118
5.792333
77.20511
5.4186687
356.33276
30.867973
28.437386
11.48869
95.39888
235.72403
466.91122
121.71097
196.68854
88.436356
26.373245
657.56836
10.432014
4.805061
34.29765
115.84969
8.527516
11.646771
651.8805
245.41945
604.58484
402.81696
561.0231
52.11346
34.025513
276.42596
19.771452
42.81667
167.6657
16.550863
49.439285
44.181396
7.6020637
317.7101
101.70854
16.743223
50.42647
288.7442
7.784696
497.9206
79.233055
27.884544
29.24799
20.884415
64.78366
10.994343
13.295158
498.27356
147.67067
57.74785
30.067892
14.261964
254.71394
62.281162
262.0174
8.479404
35.150017
486.18317
90.0635
358.32477
925.6647
435.00247
16.798498
48.311806
14.708153
17.411821
802.97723
15.345509
181.76184
143.19415
752.8027
27.838444
31.544352
60.439976
40.042816
163.27768
25.792688
26.54099
17.966291
18.511549
5.329667
19.87923
38.03504
121.04278
52.49655
8.069647
564.25323
19.869858
121.20617
627.0721
4815.266
22.627094
13.048841
946.1641
59.369537
60.08885
41.457832
11.257755
346.06686
6.4944506
810.8866
1520.0405
6.116089
171.55896
92.606285
41.641056
1268.5707
439.1432
908.96655
187.78079
2011.0858
571.8875
6.5029135
763.3861
67.46683
570.3143
36.079613
13.870034
7.182518
8.7095995
57.96552
50.685356
646.84204
21.94801
100.68119
841.1803
23.626522
435.31165
4.4954047
464.35654
36.638268
138.01593
15.022774
369.75598
26.169724
43.6316
517.617
23.403168
599.21295
22.726748
8.577056
91.65115
276.11084
17.063725
22.100586
25.30957
57.85487
17.96094
267.30933
93.97818
16.841873
95.869354
16.515154
137.49005
225.70645
27.854809
11.437098
605.56866
168.10951
10.073225
22.083796
17.929419
9.389424
7.8818026
29.745285
21.291794
324.86526
665.7045
12.546143
30.32133
29.79087
370.51755
23.624477
104.589386
576.9005
157.26231
15.057582
8.144056
13.750667
27.673872
57.7313
10.425806
1960.8921
187.13382
78.54287
19.11886
463.04227
5.7841434
22.380608
361.24225
45.750977
10.76141
13.377463
316.86438
9.133552
59.887386
48.894974
12.529591
53.867905
72.70859
5.3694744
740.84644
25.296944
89.45595
16.489477
21.486914
1438.3394
22.38338
14.555501
221.01942
227.31653
40.24863
60.99973
145.47528
33.790745
27.091185
10.909993
10.506677
16.244587
11.276933
23.972933
50.351925
6.278652
27.622047
20.513826
84.42797
13.147683
4.2254586
245.50056
527.7677
20.389448
5.9469714
34.111317
467.8524
139.72202
34.114758
106.91252
268.0563
241.81396
13.132968
4.4331794
8.121994
57.106342
48.723007
40.19632
14.568663
21.74346
49.4405
18.728016
50.93306
8.133568
45.717716
367.39685
22.561668
36.0393
830.55176
68.277145
25.279627
12.554796
167.50867
725.51807
46.05802
9.161664
319.72882
7.703616
531.4548
9.17138
326.20053
12.63744
124.510544
299.49207
17.62175
123.496185
98.48416
16.515154
16.24178
57.10049
279.83353
13.292782
41.575653
10.222254
267.3235
28.076637
46.345352
16.378637
11.769802
64.448006
39.574085
35.208897
26.753574
1868.7959
60.164593
63.271603
6.302579
55.55169
109.930115
5.357506
25.76962
640.0604
148.26462
734.96124
1412.3009
5.357506
39.26694
32.78219
347.28867
108.703026
5.540495
16.52742
8.43842
22.17846
52.621986
23.565214
29.14476
38.398205
68.043594
6.585148
7112.8853
22.496632
19.41447
32.552895
388.3959
59.110535
651.2936
97.10768
781.14026
24.296862
705.1343
102.81426
48.48545
816.5741
663.9081
154.03935
105.409485
12.656834
3.7566695
312.9862
173.01428
103.744095
12.6629095
13.292576
1314.4847
54.237457
168.7658
30.755316
532.0435
9.897995
64.597626
75.50254
1148.7954
11.16955
72.434235
13.278946
5.7368317
443.86926
20.833399
234.2958
415.90723
34.870575
43.67704
65.298676
310.46317
6.3058653
255.42923
92.77432
20.91461
37.517567
32.75079
593.35065
26.077911
45.755302
351.88406
15.457353
25.127396
7.7485733
12.223779
398.48865
20.901554
313.42078
27.479633
20.156473
271.00726
5.929065
1186.5299
43.53082
39.048744
21.818727
26.283865
87.904724
86.14729
18.738136
21.037216
8.980144
3248.4856
22.950668
888.83344
86.09251
5.3467073
37.369507
13.641358
6.2868533
44.73961
211.86482
38.821747
46.26474
17.228357
82.98767
35.279045
291.385
45.71302
5.897444
427.73428
19.142628
110.10371
15.867503
794.29846
38.66469
17.68584
483.59726
13.923662
11.039692
47.194748
4.3365374
23.57076
5.578706
299.30518
325.83908
71.23913
17.871944
163.91103
3.4471416
565.77704
6.216864
32.66399
124.513336
564.0757
4.8414054
40.99265
230.67735
8.10505
17.567003
559.2874
43.51015
44.879948
4.0698557
14.564582
145.18036
29.90871
542.0934
23.476818
17.294096
57.979614
53.330536
35.566322
2564.8337
344.8316
7.6980476
384.82138
26.195986
936.88074
96.92439
26.856716
27.48614
33.36338
315.62332
23.908485
1693.0591
153.30746
57.995872
51.485336
54.05845
222.93546
244.44772
23.422235
25.306257
630.98694
63.112717
96.64209
410.771
27.760744
148.7929
181.97804
53.86328
21.30233
89.23117
67.21672
9.736752
6.4780674
321.70898
62.163315
565.1601
160.04404
7.403393
894.1953
69.56144
20.684752
27.080484
13.119755
116.52332
15.158691
12.881886
34.98362
29.547207
244.80876
136.4726
861.8731
487.27237
487.6361
24.813696
691.8157
23.501757
37.971153
41.658424
18.999266
16.885277
24.89711
96.90674
35.427994
18.460957
14.179436
10.331687
22.615265
13.403012
442.83252
26.510899
51.289726
5.190082
82.86071
22.912746
138.7063
226.89224
10.196088
25.329226
181.38272
64.3221
21.681837
142.29114
24.166388
6770.4834
75.96978
113.63296
58.09618
13.40835
795.37445
602.5253
20.53775
16.507372
36.435078
11.43686
346.0027
32.688828
519.7916
54.367596
21.89664
483.2538
11.036074
28.30279
443.43515
17.575949
188.39165
31.53896
161.32927
10.458374
58.138332
643.3176
262.75607
154.53882
8.284618
347.70306
980.21326
46.6261
4.1393704
33.762478
47.144646
158.52
13.551791
8.309805
38.480156
87.54798
21.894339
1507.1052
106.68361
26.360384
211.83249
11.76165
272.94977
6716.04
28.607153
244.34296
165.3401
2074.9285
22.548994
540.1821
295.15524
21.18147
110.53464
56.537304
53.621
444.09875
92.932655
7.8133965
62.69118
149.76453
12.713602
29.10057
11.911388
109.306114
31.15299
1415.7585
212.2436
50.37786
655.25684
33.475983
603.2734
30.940588
366.38202
16.631784
430.67587
233.24976
39.769203
8.193486
6.6779814
3.9833076
604.8325
22.352509
40.432335
664.39136
3.4471416
303.12888
28.863117
112.55179
288.03806
9.567398
623.33246
9.304794
280.11362
107.03749
31.29344
35.28936
97.772095
16.962942
155.17711
37.91542
64.25374
25.014835
87.866165
97.949234
19.893887
71.420044
114.16276
1094.6327
28.80162
16.205482
57.06475
24.4455
5.713009
615.4157
54.89261
10.619514
72.822495
5.024967
334.3509
63.738754
375.74072
4.3665924
6.579354
1522.8816
84.46804
13.866027
7.6354427
45.856277
63.057243
70.929665
32.718307
712.6808
347.66016
110.591995
123.98911
848.062
93.48841
15.259522
91.99175
140.4684
16.715471
11.673228
1529.631
41.69193
120.590485
1475.7361
24.458134
132.67451
133.38612
337.25842
465.02173
6.9885993
141.59833
11.146313
31.49013
343.2734
6.3883533
6.283529
13.89298
72.67967
72.86098
453.47018
156.28296
4.5074134
10.384221
148.7687
23.051939
43.104187
25.27776
40.176266
39.625458
999.04736
117.08787
5.8069305
50.687035
43.17812
271.68787
38.86341
530.9773
324.38293
27.256847
21.339474
36.18628
508.27704
306.22247
11.013694
698.5408
6.277233
54.099785
144.32544
430.05078
15.454409
15.384618
209.6391
285.40106
208.91092
57.413563
288.9807
37.72043
7.882526
1683.6022
85.09291
8.181135
698.3716
276.18958
258.89984
32.610004
13.667005
1325.5393
305.2262
124.32616
42.280457
105.59553
77.01773
903.5183
31.725647
9.178146
8.256595
159.10735
430.38928
1644.2715
1094.0791
47.192383
6.4783874
194.6163
192.53845
245.37744
12.273151
232.96965
778.1368
10.283005
62.05566
490.48257
15.896656
19.500454
520.41016
17.487188
1862.763
49.609528
8.405718
12.054955
11.029153
8556.171
34.23401
105.63687
749.32196
1139.6598
22.139872
20.149065
48.344498
13.239891
83.792
17.17668
30.370028
361.22968
576.324
33.490234
9.814033
1005.00653
74.29814
22.004375
26.634066
437.32037
988.8193
10.741041
15.206694
7.682941
12.612973
249.13
46.462894
25.570774
7.686686
28.262613
26.397295
9.096073
18.551256
1160.0862
14.165495
60.683647
20.503069
46.119843
575.1997
25.734299
1410.6896
204.61981
33.616604
47.461395
96.53087
12.945841
46.367912
12115.302
650.7876
1496.147
8.352459
138.14465
23.47593
329.03217
39.8558
6.0415826
148.11305
10.474032
19.483799
282.03165
463.70755
11.94352
49.681683
22.076204
93.865326
3260.3508
324.38202
30.949514
112.33384
247.75815
5.576688
34.00613
576.6618
6.2341805
38.120678
45.622692
202.53912
30.616858
95.89679
22.90476
15.744235
13.997678
56.973614
179.45282
10.69119
169.84314
13.001487
9.162754
718.9263
13.783838
768.46674
106.68625
410.0244
22.478376
158.72452
567.06024
30.78971
20.507229
301.90347
12.320753
68.86918
735.4408
34.00183
69.52977
1419.6409
81.56087
427.66455
49.150333
13.095222
20.020615
1202.8553
400.91202
891.60406
58.676014
122.31855
16.636702
330.29144
122.63737
15.968331
39.154152
215.08528
31.170897
26.462206
30.226429
6.1241455
320.165
59.908806
233.63757
31.479515
214.50526
1083.0072
456.73813
324.93994
9.848958
153.365
122.45686
8.811993
27.929682
15.333769
25.618616
247.5842
48.858093
23.222359
347.1324
10.40196
258.31744
12.9247675
44.692978
385.68994
53.296524
45.366016
2874.1313
3.5787401
45.68895
192.63828
62.641937
198.16693
13.990652
15.699944
47.41838
11.201023
545.746
91.8797
91.18091
5.218115
35.203125
13.387606
43.051456
1387.7498
53.400734
54.956253
779.7908
81.143814
358.45547
35.338875
20.884544
18.149323
4.553768
5.500539
16.298216
71.75987
186.1257
116.09406
13.184938
10.157265
974.68787
38.149143
4.4255586
27.397879
28.67366
10.86219
455.84344
105.99451
59.528564
244.12111
24.513676
10.963421
187.21915
54.92678
93.1859
35.247433
31.161636
70.797844
8.793125
9.21604
28.638052
508.1222
71.301895
424.8051
155.11926
42.98671
13.610448
13.761228
13.768198
71.98737
157.80978
72.57793
15.635965
11.514118
113.01628
544.6611
32.05276
49.652256
6.8664007
110.5056
180.57523
24.53652
111.942
27.002975
23.201519
24.136055
191.33466
181.9875
28.679022
34.76485
44.51465
25.441393
31.161518
387.31213
24.633429
51.82689
105.57715
654.84204
106.27392
340.5762
1391.327
68.656906
198.29028
14.820835
53.1738
10.260016
20.449577
24.115421
706.50305
37.824173
14.293942
10.030304
19.407583
82.010475
5.833106
11.102405
70.37188
45.200325
110.414
70.867424
26.990032
394.8171
2198.3623
402.65045
10.662095
104.50488
25.761253
93.6895
34.062687
118.55317
18.433247
6.2211885
129.33325
31.213696
10.163308
149.57076
43.21839
46.700073
226.54446
189.94077
78.24666
22.912128
636.71747
861.5469
24.329073
604.03503
1023.19324
9.923625
5.8708377
157.47948
41.96492
30.594856
33.56401
42.98395
2201.2627
20.474146
65.15902
486.44867
32.751102
18.38431
20.965363
1103.548
105.72758
21.219057
106.50398
56.70813
1205.7836
53.636444
50.876392
26.941595
32.0849
8.646749
355.3669
126.65422
10.147345
7.948284
5.6849003
26.626923
10.821117
95.13957
21.94801
34.630157
44.506157
21.6955
597.8319
29.988388
17.515804
11.419063
84.99295
431.18076
10.643214
107.07511
31.06944
89.85203
29.294888
32.03594
76.32165
25.660892
679.9073
66.75415
6.19112
5.444298
139.16348
61.781727
813.7929
60.719654
51.551308
309.21033
7.894429
35.619045
271.09555
63.121834
44.70096
92.63053
5.034362
643.0802
724.42285
624.34595
416.2874
1899.6947
474.65677
22.069294
65.60944
8.938269
168.03275
21.19785
28.5559
48.3213
10.643864
10.935741
2.8014147
137.96835
1306.374
842.7839
478.84213
14.108123
149.85632
507.94485
631.12775
323.19534
49.394444
302.15967
485.32962
15.630646
16.124105
9.314481
8.101184
71.311966
47.26348
22.95058
377.37863
752.6828
20.85633
16.862309
955.45386
34.35219
33.13457
9.148044
269.80493
227.51399
51.35001
171.79988
28.956602
300.69836
241.7516
4.111431
37.367203
167.909
223.48456
205.53589
22.75874
38.66469
170.5936
33.65269
46.095448
941.68567
7.4701657
189.97517
43.52288
26.910685
13.459866
17.690361
98.12088
8.433241
279.9176
17.071167
48.41241
27.88699
62.46839
44.5319
727.65955
220.1944
40.363052
466.85468
102.74036
7.165447
346.67847
8.193047
31.90558
469.0528
29.990297
882.6552
10.075281
169.62994
18.033403
9.686821
74.225334
624.10425
121.894325
7.613378
16.350697
750.0559
432.25635
170.25952
230.07384
79.14217
22.203995
40.164803
8.096591
7.5591373
67.30344
495.1259
446.8229
64.10922
391.8571
74.306076
10.916363
1022.409
15.603228
433.04816
15.60399
6.985339
7.052393
6.31625
132.31876
185.26486
24.94824
199.27559
18.00379
10.758105
7.830485
105.81408
12.4685335
226.4221
137.57504
2296.649
1103.4711
28.044811
41.929478
68.287926
357.63446
15.10932
58.233776
373.12576
61.50167
32.40986
48.203564
95.167206
1334.7234
126.481316
5.241413
1801.4358
48.903046
308.59622
399.9596
60.352715
312.3335
14.826829
25.679426
36.911816
16.648584
2703.5586
1692.4102
398.38452
26.412619
443.26477
49.946938
133.68285
6.6678596
19.179054
2943.1592
31.61438
717.31104
11.666534
34.86158
89.187195
41.3341
50.161507
47.29087
45.105816
2704.915
39.973633
44.739193
555.0202
22.167004
32.581676
77.14887
1622.1567
26.64565
8.752815
67.74229
148.05367
17.168106
331.58463
19.717115
33.068943
5.414911
29.97184
53.818954
21.503216
2266.5015
712.50684
660.64966
111.013885
17.77029
211.72404
288.81854
430.99286
29.259449
24.592134
45.160492
35.575687
10.733295
168.09926
274.83105
6.1241455
156.40253
19.334305
236.75374
1487.5225
473.83994
6.773161
142.7786
9.593404
162.38841
11.7164545
4.889855
11.450802
9.820683
19.798992
485.66693
11.625265
1315.6693
97.73396
11.206678
742.52454
16.152544
17.867186
1202.0641
150.10934
21.831684
100.82858
9.8147135
339.6147
1267.7598
403.3061
167.20023
478.73825
347.6265
137.93007
136.11945
10.064139
12.888387
159.14696
1020.4841
17.541908
39.302776
564.7754
63.222054
45.418777
935.41656
13.672207
26.72107
20.701338
946.2652
18.103811
7.821864
24.883034
11.691114
495.7044
10.970625
639.08636
382.72424
260.3875
14.662619
5.061636
50.00743
1112.4227
53.2445
854.45874
259.05545
31.512165
3.4471416
5.8491836
366.51587
38.11567
1061.669
97.31079
128.15714
122.31855
575.31683
118.08917
46.377243
71.12206
118.4623
20.430742
12.969639
44.327816
33.637146
31.129387
526.593
206.81818
20.035925
16.374313
619.7638
9.995119
59.483593
197.02017
39.813137
17.632286
52.53083
220.47354
181.40685
37.975563
40.737938
6.6652904
29.980625
159.67227
26.61195
74.00248
28.475758
15.842286
31.683294
10.402826
151.56747
13.968218
8.619444
28.325579
508.5464
33.632645
62.032494
98.99161
29.453514
77.20923
296.62582
13.021493
21.149433
26.646648
280.76083
500.56183
15.231694
390.5258
205.19305
4.8421373
53.519905
243.20717
924.044
44.56437
10.066847
40.33306
22.251223
19.299326
40.63892
108.145996
35.48738
405.62604
27.663832
342.3624
801.19763
298.25787
22.461983
148.97287
12.582083
12.151266
16.44353
1249.1046
15.698547
765.55176
29.586245
569.0598
8.856253
7.2060976
12.183748
492.49643
203.362
62.190975
48.728313
11.529356
6.8581204
81.44171
227.16829
27.026846
228.63896
469.42557
9.804603
14.432532
21.521545
22.369427
32.892624
13.301147
34.359688
711.66614
34.734116
153.45937
60.623028
641.8493
18.212536
44.07312
245.94064
9.925944
12.963953
26.44
38.610046
13.3794155
18.765327
2339.7964
92.00597
11.250647
162.15945
1350.2184
83.266685
19.993898
1088.0851
143.99492
17.285257
598.41144
8.966598
9.076836
16.441174
46.18072
242.18935
32.85227
72.5251
10.220989
415.8182
36.30794
14.987871
198.56021
52.0559
55.938553
405.18237
34.54514
41.364384
3.659416
41.458664
9.7183275
26.806965
10.251434
306.1401
94.77481
525.838
120.16365
2118.9202
27.14637
29.05961
219.14139
34.816853
14.673806
15.62147
27.743454
8.299192
608.1754
19.295383
229.62042
61.80748
91.365875
110.93266
690.47894
420.46625
15.744419
38.766224
652.7573
13.491165
248.42548
102.440384
275.46948
86.31077
312.48917
159.58536
14.448673
45.765408
225.89993
886.9291
80.90566
38.190315
25.246162
23.807407
12.759588
46.912235
157.46867
127.38916
201.16478
86.35799
50.987637
38.690594
15.685976
21.604326
1236.007
622.21765
34.994213
102.13501
23.471653
111.368004
935.6053
27.97979
97.28421
13.524504
14.414056
8.323826
66.75446
215.61577
600.62494
248.77898
12.882872
26.450335
38.240902
80.0103
17.684803
35.490807
21.87582
89.29817
5.714964
96.14756
33.84059
13.885284
1161.332
64.41175
29.179934
8.574572
241.12485
37.34579
134.93971
12.546756
7.4465
5.9545593
10.646668
8.009874
66.74785
51.63152
35.669468
19.889874
4.270524
123.61225
408.0901
609.3751
69.48205
146.96414
2158.636
24.456938
70.63905
219.98734
104.55643
74.30866
91.519485
95.17842
97.81802
662.41644
22.683538
5.989994
24.341867
747.19904
616.47363
1620.6338
306.937
269.61343
3.5961285
17.1084
195.77902
2448.6458
5032.346
299.1836
55.134445
6.1316304
7.333819
391.4901
116.61498
72.21411
203.32874
19.608751
13.918422
56.139233
332.62775
23.992964
243.34174
537.74835
15.1706915
7.93735
67.394745
9.10263
70.68312
1350.3723
7.6016903
56.35917
57.133007
72.06619
20.788155
32.809525
99.28143
49.018898
99.37668
205.53099
225.348
126.60284
115.94176
34.28314
12.139814
3.7908869
6.341901
20.33829
969.2763
31.514772
21.67226
19.622782
77.77666
205.69698
2573.4988
22.861217
38.45149
6.0253406
5.77553
81.22945
18.706158
273.79105
255.09912
68.296196
14.226254
9.365709
71.887924
75.31918
28.656658
64.70232
22.942982
15.767901
8.08056
290.71677
28.508493
46.22983
31.383518
27.473679
79.63968
9.001155
51.837395
28.424837
33.449432
103.836296
24.043224
386.53796
11.265713
502.12793
14.170974
6.453935
4.0089154
111.25511
12.709386
518.337
92.96706
154.48282
264.2858
120.85033
570.5735
151.26741
6.310275
23.18665
22.235992
177.67236
6.64395
