132.04301
18.612814
240.61191
25.517893
74.05427
16.73233
31.283928
19.226124
107.46032
7.3120227
52.866905
54.278267
2995.055
30.892122
71.20772
16.991394
58.180626
15.353677
33.79394
244.30289
20.890545
149.02118
11.798265
72.17817
77.81716
15.0872965
22.33764
45.644226
57.31121
21.229876
11.220904
68.441956
37.529243
5.7379775
57.75762
51.94052
14.114983
98.94097
124.52373
266.00336
736.6658
642.3882
28.279308
561.30023
228.04512
23.510319
859.70593
173.69948
44.474422
13.892161
84.53758
13.454842
1464.9971
26.816553
6.8642454
39.69594
352.0274
16.182318
34.829597
637.71954
24.8495
384.40674
67.33891
30.285717
212.9389
19.939867
64.95428
96.015335
344.14874
45.80606
139.83618
5.1887627
21.160755
101.694725
37.81038
761.7633
14.6313925
299.47977
55.998817
12.5675745
11.489555
6.245386
9.452608
18.086557
986.85925
797.27264
11.677626
222.75162
44.210617
220.67612
348.82935
46.58604
8.874151
10.591491
241.05875
28.935526
50.377323
11.539255
16.274096
32.46432
6.455332
415.45868
908.9861
52.621487
104.84284
13.687806
191.17451
7.871305
64.00217
113.144455
42.532936
11.152961
611.3117
36.394115
134.59372
112.007996
878.98395
6.0398016
107.7063
18.627558
20.720333
11.228502
9.437214
358.62695
51.031235
166.85934
50.332672
334.7829
135.99487
76.95921
43.512794
13.450303
126.70242
97.9902
276.58377
123.95216
17.77713
13.606042
13.206948
49.177467
108.00186
29.07548
14.570688
190.66261
88.31853
107.136246
363.0958
16.741644
6.4354563
27.835596
480.38013
461.39233
167.50922
106.73276
203.69925
57.56359
9.071503
27.218494
21.120312
14.20898
178.2228
519.71924
46.415627
474.93726
30.894634
31.085926
33.65352
80.92291
504.48996
3272.5122
553.60693
13.08018
29.195187
6.196777
561.53046
135.30316
2246.5085
15.051139
25.94579
4.8510876
22.62901
14.7255945
87.513885
7.3533077
404.967
35.39954
20.200733
266.09268
26.406818
147.5264
25.451046
15.783089
10.256779
73.3389
128.96204
157.80098
5.930523
19.52332
35.87661
808.5877
194.68452
42.814545
14.2803545
10.093384
699.9248
33.00589
23.880672
109.576805
238.24226
260.55035
21.291021
20.08076
34.14581
76.16485
23.589882
41.007607
92.0219
619.52893
34.092545
23.633606
63.24536
42.717873
3185.1226
37.04261
64.80059
102.37134
132.64783
17.704847
49.666203
10.385929
172.3562
36.732216
48.539856
12.60712
47.856674
6.180585
11.1371
48.836002
356.3501
101.50907
14.610086
5.839246
31.233883
37.299305
6.6593633
27.667465
15.350613
399.64752
179.77853
15.080885
27.031872
296.8716
503.95453
443.8284
24.63407
35.869167
126.64764
5402.746
660.94586
10.757839
678.94116
39.400192
32.913624
26.58728
27.497787
10.748271
27.121721
7.52445
54.378487
17.760374
156.625
553.53143
34.228485
854.3431
42.5252
39.28203
28.788687
25.76857
21.723562
261.60303
5.8642626
51.78015
175.62343
819.5383
292.27615
307.4427
9.389014
16.652647
12.103037
49.81355
43.416763
29.647911
156.52512
440.49295
20.557503
10.475574
235.38739
19.806395
28.592928
20.714973
40.62933
37.805763
18.62246
136.38055
8.955534
19.421572
129.79092
27.071693
6.2648973
231.14355
78.596146
136.00136
106.56931
9.583914
5.7975736
820.53937
101.92362
16.585352
721.42316
30.558014
20.209747
121.53941
17.455427
180.07907
26.099127
15.853308
125.979195
32.51878
53.501778
8.191505
23.639957
16.981142
8.86384
5.5483503
51.55519
297.31418
193.3964
514.3994
28.158726
50.141323
161.14598
11.169193
529.1211
73.46035
42.375954
42.383873
134.66768
27.375116
55.413246
95.322845
15.32799
72.5834
49.53827
43.32331
4.8942013
385.27048
232.38129
160.89185
29.055412
20.144213
10.120135
272.38028
54.598083
5.282139
538.3574
51.611004
8.033521
19.563765
4.1377025
133.81876
401.0443
21.609442
10.348799
40.66656
7.2410707
48.763004
14.6899605
19.752653
987.0146
230.65733
54.621483
42.36579
8.825397
626.29065
1531.2927
19.902758
94.73396
447.38766
67.51276
11.998833
29.184908
119.770485
32.943035
6.5916367
87.77374
878.5289
14.042349
132.17593
16.224337
14.272947
428.97064
37.36828
244.97574
72.539
54.71637
163.59712
9.784527
30.50558
135.32942
378.8255
5.8828773
185.56087
42.306812
35.72351
44.21203
62.770508
672.3358
53.20009
6.8942437
38.181183
4.281101
18.308464
7.4580235
75.764946
415.85687
44.093918
26.991745
656.62085
39.769527
437.95477
7.119023
58.22667
67.570755
195.69577
12.948101
25.375702
5.555839
438.88632
26.069021
244.4623
6.4662147
518.62006
17.165245
10.028505
240.91982
112.809586
14.613577
51.633873
16.634548
139.84973
697.9608
188.64685
710.1566
31.857306
407.96478
37.89159
24.867947
17.951889
69.74837
54.982647
7.7560496
15.055582
11.583861
23.959225
22.548252
104.99092
575.085
25.655285
358.55188
21.268303
56.54154
11.123948
55.78571
32.382957
29.122831
11.503269
9063.408
41.910748
192.82713
29.264856
493.22943
30.25785
23.335331
611.7777
15.144603
26.670055
1652.3174
270.0761
451.12003
9.814367
19.74705
35.322086
7.5679336
367.9005
105.75476
10.568295
61.562435
16.344301
50.488487
102.8024
69.37617
747.7971
17.500423
8.405748
25.554825
55.7818
1909.2236
26.802773
5.8608875
33.259617
81.05638
16.111578
252.73053
4.509949
8.154836
604.541
227.22972
659.2128
425.2838
9.8969755
6.9174576
164.72794
55.135025
75.30669
62.54926
55.627926
116.22987
15.879499
23.29922
28.647408
323.10858
86.104904
1073.8467
172.1681
31.982351
11.482307
2684.4119
315.99725
362.1729
1281.0887
14.369583
31.097015
155.9348
318.8327
8.089671
85.30697
372.4778
164.96588
450.7906
294.1268
20.968967
17.521185
1052.5891
14.46299
13.146244
27.965782
14.965815
164.09512
1014.44476
19.0536
38.854378
27.895842
155.17859
45.814175
71.79971
13.578089
6.8876915
36.049862
27.527817
18.53025
27.060406
436.96478
18.153387
671.9528
20.16089
34.29905
59.49539
1111.2156
13.144386
112.03721
52.735374
19.549934
10.547047
23.820772
18.586996
109.34631
73.72916
242.41373
12.207632
9.346008
1178.6893
30.87272
123.551674
41.578568
7.1863995
3.2004309
19.58229
180.18893
46.664967
926.1671
28.683884
297.85864
55.16587
25.203163
13.293647
1389.354
6.930437
1558.8552
65.37036
33.25318
6.825941
97.91514
534.5098
640.42896
8.955534
35.126995
514.43744
73.05796
7.459969
67.783195
14.593575
13.732297
649.05115
576.66235
169.11613
17.689539
62.930397
87.82361
33.123394
100.04136
32.312412
10.294163
21.800482
30.2978
73.915794
235.31726
28.00752
7.285461
15.398056
751.8811
89.023186
12.471931
496.2389
76.036865
154.9352
43.77066
89.81309
1496.0686
63.402496
22.594322
23.39265
950.4858
101.45802
445.8624
7.436614
248.89845
170.61833
22.881771
78.8042
25.571774
35.220325
36.68825
69.39003
5.5144434
12.643831
94.83692
34.801292
108.45746
14.777601
29.66616
35.074776
9.283344
10.601945
233.57242
12.474953
78.53302
15.684724
20.182613
14.395981
41.18644
68.171585
25.546131
57.613983
431.91333
8.842159
738.3062
303.38715
9.2647915
42.255413
87.71517
48.034714
404.35034
16.272299
69.03963
404.33182
34.479115
38.94304
42.46425
53.10592
97.701065
11.887035
27.796442
7383.2773
384.45953
420.12033
22.294033
29.285467
36.934925
632.7583
187.32227
73.92175
29.41289
35.365692
156.77632
815.69305
6.8388844
1407.825
13.660314
588.25134
25.418003
4.5417995
34.099884
467.64697
216.31583
36.83529
32.670246
45.19541
686.95416
298.15082
130.3467
92.36369
58.02243
3.7443151
538.1896
14.918402
15.750126
126.14589
58.999752
37.66546
113.8416
789.7687
72.82385
389.099
6.3138833
4.8898535
9.984577
6.8622565
1500.1475
305.1687
10.652475
82.390366
626.45013
115.47064
15.963893
33.528805
13.679855
1508.2871
63.08395
14.806767
19.18614
28.835722
27.1527
1124.3507
42.76012
318.08832
40.702774
28.716372
69.36532
52.29327
20.363754
10.54748
19.899323
24.75579
582.24084
27.81454
12.5981865
23.499706
60.664757
26.63475
31.425238
18.344707
13.04323
72.692154
22.120117
98.8238
37.590218
1520.7104
55.939487
128.3239
11.274342
12.894768
40.099556
22.174505
17.52466
28.512825
23.121132
14.451467
532.3493
63.829758
46.75165
79.608055
25.383924
22.684216
37.39144
29.216362
396.0416
15.503728
43.709
231.52411
46.320885
415.6386
265.15793
493.27225
10.476507
199.54582
20.723688
275.58365
525.3325
1368.7765
68.71042
12.553757
46.823868
165.83485
6.948522
717.23584
4.2224445
52.74966
13.209713
316.36603
69.77262
94.7215
49.504845
215.14488
26.801525
177.01758
220.3013
1386.9492
40.752594
9.242704
117.537506
115.15255
804.2046
119.11096
510.0107
38.10364
8.447577
6.3710136
18.444044
19.25603
530.0537
898.9626
200.85959
256.062
134.64218
18.664679
204.19269
26.898811
324.5172
33.137276
36.015755
259.9822
10.6261425
11.933743
37.037384
156.58781
342.50885
48.818573
102.74707
214.16983
142.32161
16.981798
16.318739
305.5604
147.69315
32.902145
13.537666
614.4888
163.90016
369.00668
84.361855
454.9041
39.77332
64.3618
46.724083
1033.5103
22.257149
21.402235
12.435132
33.222843
10.255394
36.36025
26.509186
33.06932
174.27924
3.4814687
208.6484
21.777552
96.35202
29.686403
581.10284
174.10132
96.32042
35.739372
13.034846
34.37319
148.14717
7.2210703
11.796383
1342.4607
775.981
183.50407
18.030308
200.55898
24.188183
83.780334
191.90363
38.765476
22.469847
9.30732
6.6480427
75.18437
33.793957
55.79545
797.3958
738.5464
5.5053406
25.829643
10.51322
16.630999
9.341137
297.73383
24.949959
39.263405
40.811188
30.680723
54.013214
140.76805
16.606817
17.48314
171.92657
127.78887
53.3044
14.518734
31.126635
409.15628
19.424614
122.421074
6.9637146
135.61792
35.548588
38.002346
2087.994
17.894781
35.605274
10.105409
74.2464
150.37198
47.03305
56.037067
12.930075
46.80224
879.2321
60.546413
23.634192
23.609478
58.017643
172.02344
46.523308
238.23987
33.253853
6.0782695
88.128204
12.694414
432.58936
115.10578
45.05597
75.57667
768.61957
275.19968
803.01056
872.7947
41.163235
56.94648
159.16829
30.855385
78.763626
75.78764
16.626133
56.623802
15.042213
717.901
282.98297
10.541516
152.13232
1792.792
64.18147
860.7576
65.07832
215.79988
24.603306
392.81793
321.24234
183.99658
101.67354
42.73577
64.62446
370.90875
44.42775
135.08372
9.24588
24.451107
171.35179
15.974885
196.50864
718.3331
468.01996
308.04007
28.867212
4.761834
10.686624
370.4672
156.241
24.83656
159.77266
43.045517
26.632713
59.94827
907.7001
20.55367
109.98858
26.69127
132.34653
795.4074
6.0367823
1503.8418
17.216637
60.15639
22.64194
153.54068
1373.2972
117.67613
377.00055
6.8942437
41.2259
21.942799
171.96634
12.532779
243.63571
37.59777
18.251501
91.542496
473.62784
59.295044
376.80826
9.366547
557.69116
284.72806
41.736572
28.032177
36.324394
51.677837
90.74646
9.976109
14.432491
33.16058
752.5339
45.968227
5.2711735
50.260506
45.0867
608.1226
39.09165
9.043049
13.141487
445.11658
2148.8108
13.227892
112.28917
1062.9343
21.946371
40.245064
419.50137
34.491413
82.82567
480.42526
119.58775
108.21162
7.5412335
46.9578
42.000355
182.53642
71.54957
836.9401
11.533802
885.823
15.196466
3.9434266
16.635586
5.2179027
326.44513
48.373688
385.2918
5.3119984
880.45715
355.28543
16.030172
14.257956
43.2449
715.13416
4.499727
21.47923
20.178938
104.93582
11.11675
110.471725
57.2393
125.80685
61.069633
34.576813
18.48446
947.7739
43.941902
12.931872
526.63995
337.2515
352.56192
6.1138663
221.30151
52.499317
743.979
43.34477
71.0314
498.48743
64.7387
46.147415
9.068947
541.09576
13.200218
48.313766
65.32907
25.531975
36.103394
23.414492
88.47925
890.97424
8.401608
16.823345
18.584206
117.59777
21.742558
622.2328
24.80581
46.771294
1433.6783
28.85182
286.18982
46.655235
12.997867
288.2568
276.52838
158.90483
232.57916
579.2076
263.58203
466.79413
242.76202
12.393928
282.88287
130.15578
509.82034
80.12366
127.437706
83.71568
75.42554
365.89648
51.16166
113.482475
19.48385
96.54035
10.081517
95.55472
5788.749
9.959734
147.13136
583.2301
50.71457
36.08115
28.416042
312.4367
240.26898
33.31492
160.0835
17.180206
19.748951
147.4586
1027.358
54.988544
44.424103
543.6953
205.8852
57.26936
275.3803
262.5746
17.441628
853.0087
24.845982
316.15686
28.10265
58.718613
721.2997
1077.2535
19.178392
405.13022
43.564064
16.62506
426.5194
21.005806
46.6242
6.9905863
27.075514
247.84961
28.58
220.69737
90.92379
79.0033
43.466812
472.24902
558.583
15.057804
17.034088
197.75601
30.56831
57.31375
561.63385
217.45062
191.02982
18.328876
549.7022
33.27936
477.19553
181.56027
82.23862
20.186768
70.65785
154.30157
23.27798
21.802841
20.086891
13.7141285
10.236223
313.40317
19.417799
17.909224
222.54535
104.01832
5.350197
275.1005
8.020413
6.800147
47.64028
32.01379
5.601267
10.694653
164.99316
8.760784
1266.7578
200.05476
41.655136
55.023354
5.403384
20.03206
43.16544
4.3781843
328.7936
7.127723
321.6504
17.067684
4.2112584
7.4983554
631.99084
67.24794
53.09455
10.449493
257.2235
377.93274
53.290436
5.934108
14.60277
20.176033
563.76776
119.679146
1470.5387
45.605507
322.44354
56.904137
82.257645
1520.5356
801.1334
33.552753
1209.1143
19.47205
14.498298
105.316086
242.29897
365.78412
9.242821
20.41302
298.84726
51.08515
171.63849
81.35318
20.643564
3.7145872
12.039083
306.1366
8.564334
93.50937
24.51493
81.468124
6.408293
1134.2302
85.86456
392.84903
88.7198
14.580964
556.44617
11.096678
8.688661
198.70294
45.510914
305.74783
513.6173
48.716686
28.933077
136.45198
4.594826
23.367752
155.89763
25.974144
22.530407
8.228885
173.0543
34.029957
58.728527
12.215942
417.51117
70.22
34.26955
27.703075
14.802624
284.76038
510.24472
72.61434
945.7338
50.335327
59.244087
18.014421
46.579178
10.735481
56.863747
86.04588
21.430763
10.846694
738.6615
5.590064
328.61493
44.271225
14.346083
215.45534
9.333234
160.18987
13.104362
300.40027
43.232735
14.653878
26.946657
13.681702
134.47946
978.6417
7.156853
416.40652
31.367563
224.82361
366.72162
42.14451
34.224846
6.277957
172.96942
127.51752
32.272423
7.014588
18.075178
3694.0247
91.769714
22.805408
34.838963
40.79854
148.8599
476.1041
6.229183
54.40263
15.381071
589.2415
370.87073
52.402565
33.5145
20.126133
745.3308
7.564946
287.3568
28.205046
606.60767
39.012608
811.1968
12.7887745
8.365094
19.283237
131.9394
239.73238
35.35499
39.11196
632.00684
171.82684
26.363777
156.67535
101.09071
30.54834
182.61581
58.411594
43.007816
73.82298
98.97249
894.5881
68.861755
45.407894
106.1174
45.27205
103.83065
13.474793
15.900526
44.87021
15.320646
45.108074
48.90816
15.066908
34.673275
76.77298
10.964308
351.65613
56.882484
33.67119
328.06958
25.055597
11.933743
37.29875
10.298721
12.726539
49.98664
96.10658
265.32626
12.087496
8.564334
30.269115
6.8800955
29.496275
428.22305
402.85556
14.937923
223.90129
6.4358573
13.513575
106.98136
414.91724
209.46252
26.757689
13.792339
360.48254
770.48035
83.72207
16.06566
25.426748
84.66797
14.99053
36.931156
49.936863
42.23404
4.9361835
28.429176
61.34945
223.17871
38.644554
33.36564
26.082836
10.178704
312.91562
15.312192
24.573133
100.35813
139.56274
25.394203
139.13435
8.467386
15.319378
4.240516
262.428
73.676796
19.355387
362.8443
48.823288
5.588354
6.7258177
22.49001
46.43025
4.4368877
90.661514
8.013329
12.721748
48.011253
129.27437
290.06
474.3203
11.009905
522.81305
29.367441
67.54936
326.7365
23.877417
28.039938
180.30307
60.202072
7.186394
20.362457
18.130428
3.8748322
60.101196
23.646343
351.10706
380.63165
129.36768
22.672794
265.15793
427.07214
65.663025
42.554398
12.844957
26.604624
8.30682
94.56066
18.325996
57.39821
15.158301
22.845684
14.4418745
508.1292
23.041302
396.31174
40.362267
28.9407
539.30066
217.92148
181.56174
49.651535
33.55134
13.265228
16.951937
69.2584
1420.4724
362.73236
48.402866
17.062126
23.700165
28.418081
4323.4087
11.601658
10.141216
142.86542
27.921413
100.77475
89.660675
31.365715
121.13036
298.4387
37.819393
32.68888
21.097378
264.85858
59.837376
1180.6125
34.200603
40.703957
6.482486
107.761475
136.734
496.5736
73.17566
34.28063
4.4457054
111.919205
34.28064
97.402664
36.926155
898.91156
72.02081
57.38206
7.1812086
39.148758
22.71085
10.833219
608.5748
25.339476
26.192287
5.9366074
94.16721
130.01819
17.304836
2220.5488
58.234528
12714.066
34.72673
39.893257
13.369677
83.53938
7.1177626
53.69435
24.601898
1043.7585
9.699427
775.35706
53.784412
6.753693
21.399734
37.99373
187.9743
7.135145
6.5591063
25.43523
46.641144
38.818954
1240.2963
63.407333
118.97717
26.695038
1077.0188
156.96811
57.656498
30.55918
190.62825
78.50232
248.0842
28.059084
93.47348
13.870755
74.07023
131.2289
17.107748
227.67494
5.420576
18.872728
1311.9792
392.37708
71.34172
167.86745
255.4866
23.54763
355.4203
21.98122
16.15571
13.071909
54.89363
4.630778
6.1002665
37.537975
42.259605
11.845264
405.44678
45.094055
91.2817
19.263561
354.98706
55.6827
12.821808
26.987625
15.362842
61.20619
107.40975
245.20493
39.839134
9.098949
286.00552
20.626759
22.546618
204.7375
34.587795
34.489746
116.56978
16.01617
73.73447
13.388347
315.00717
290.6034
127.668465
211.42148
457.40112
213.4068
23.385447
56.506256
8.712877
17.991373
160.62868
330.53012
801.7124
48.487644
101.80947
160.54651
15.715991
20.833727
91.87546
38.202354
19.688967
28.938507
61.920876
233.5821
890.8506
14.870033
9.380957
778.8053
193.32806
70.504814
164.54227
178.42653
300.18735
118.98302
9.703086
21.365309
13.46454
83.97315
16.6676
677.91406
95.03289
11.546219
37.463436
1046.3064
28.58952
1753.7782
6.577793
15.134914
242.2329
51.405537
15.872376
119.461914
187.00232
217.85591
4.26091
501.43475
4.4457054
25.690987
89.852844
145.95917
25.031136
21.95532
35.429066
26.67318
151.3685
63.562233
14.361572
2515.283
124.54825
5.016226
397.74982
37.490974
24.340717
134.73923
7.58116
9.205634
182.96866
39.72954
896.5067
45.80356
1178.5275
77.23228
14.012474
598.1889
144.84126
5.6642103
9.228055
242.33952
769.1915
36.136696
553.19763
96.76166
14.41741
11.408409
40.96549
19.8657
43.260235
276.521
3.3335595
49.270195
393.92294
439.95703
943.3881
30.006374
66.855156
16.41762
17.16775
10.942684
6.3710136
165.44278
76.2641
51.342888
52.602722
284.32703
15.939256
1634.1617
693.8719
51.689716
47.133118
31.064463
55.49842
119.963165
40.966286
9.50173
19.913475
23.188787
102.38965
24.648691
1152.6171
40.242184
8.043708
890.7665
546.8176
37.316242
22.219559
19.391363
150.90935
77.51796
107.10217
498.23053
504.19055
417.08813
57.28752
172.23897
34.072098
88.321976
10.472954
587.62476
24.24843
26.693867
118.363205
48.84442
151.75174
49.892628
16.905901
1074.3055
41.58068
632.27057
933.0204
14.276627
510.0956
8.008036
11.115515
784.9233
7.7401757
220.3407
14.275115
4.19868
21.661106
14.775914
3.2004309
53.14351
75.94696
727.0789
18.265862
23.87815
12.255792
77.69403
823.5576
274.74707
1446.4312
236.24197
18.400583
58.833157
37.613804
26.164377
66.03457
37.949097
1089.9956
17.328724
8.492031
37.531166
53.719425
70.65936
47.79078
26.977808
336.11502
84.64536
17.254004
11.228261
229.24933
63.30984
3849.4216
25.7078
239.44687
239.70609
4.4225435
60.76655
760.65076
53.316998
32.76295
856.2374
39.336487
48.31469
474.13965
83.67071
39.528793
23.67395
95.45335
236.71016
17.026564
20.321224
244.24942
981.03345
646.84424
111.694016
13.283651
39.107372
123.062004
74.267006
748.4321
154.92233
26.762486
51.39789
215.9755
119.86784
49.0914
190.03308
4.112687
46.29191
60.22085
72.73553
28.822594
19.728495
85.25899
31.611237
32.6101
16.325432
367.12384
5.8788404
22.42857
48.84421
20.038973
116.24773
94.59236
75.87381
17.271124
101.57178
24.29908
18.306648
168.1193
66.83964
225.16498
32.65925
57.270805
56.197163
19.367517
72.883255
305.65802
60.233227
75.554
34.36671
29.053146
3.2581296
32.23676
10612.58
6279.045
593.229
407.86325
364.9035
13.795043
581.27386
331.16052
119.1359
48.634777
34.7605
6753.3945
809.4839
523.84766
8.883393
48.132557
27.632881
459.10004
23.581997
828.0261
16.274155
7.289148
21.593332
9.796833
19.739801
230.28479
7.466485
14.87882
7.8780165
5.296911
7.319421
70.08328
24.16357
209.02223
10.006826
17.100647
22.399237
52.502396
287.37872
8.948308
1156.4156
54.634663
23.041296
15.64638
39.09135
16.86487
66.65504
748.4971
60.91035
28.089693
12.475034
14.213564
11.672146
27.953085
26.811962
121.053055
104.23922
96.98574
1206.7982
17.956207
873.5775
19.834057
147.53624
22.848822
537.67065
428.93115
77.21759
16.30323
82.09362
8.144178
45.91768
49.54107
239.57272
19.614756
639.3104
182.06996
1551.2695
9.516747
9.96137
25.186739
10.283812
9.865993
24.379183
63.48781
36.791527
266.96173
24.720734
11.641924
13.002131
28.954676
17.930086
22.865154
21.404123
19.630236
3.96666
33.419968
380.76544
296.59302
46.18507
17.114323
105.67572
297.12823
18.57683
49.68519
6.725208
10.587969
106.92735
29.48857
24.261488
25.244682
180.955
136.80463
66.580574
20.807627
239.97484
70.989555
20.96222
23.128996
13.253304
9.294739
23.551567
15.033358
46.965065
60.61297
446.4287
30.059828
219.23074
22.821404
218.54575
10.27503
12.538618
123.68619
114.89291
29.472929
36.03105
26.605587
28.16983
22.89014
22.573614
42.819824
10.775024
29.855461
45.97941
9.162297
22.069653
918.1349
136.52936
20.46398
8.811627
935.88416
379.31024
25.017532
587.8232
41.07466
15.743169
20.733686
38.352768
107.060356
1549.5884
313.5743
103.20018
34.850903
42.3494
32.00775
795.2474
66.13724
16.859753
28.013798
5.896227
85.34945
21.14346
56.775963
31.031492
68.265755
9.8288965
23.885227
15.167465
36.452026
162.65695
460.11804
178.69601
41.83724
8.218499
282.681
1114.5524
113.65409
24.25741
42.20654
14.49188
1216.534
622.08655
119.44625
470.67447
130.93431
202.65439
10.168077
926.8338
141.72093
9.244549
68.35986
40.28058
9972.516
33.736977
9.667516
84.71275
6.214113
20.814707
53.874634
40.421402
20.197605
291.5928
76.74172
6.7453213
2329.1367
33.73397
45.481255
55.513214
83.29417
86.0419
362.7905
66.093
100.37335
11.428647
392.08942
39.26946
42.43844
3.7744434
343.45776
31.109222
27.998613
20.778011
26.92877
14.334144
4.1022453
30.711994
98.87334
4.7086906
311.34747
146.03679
48.025665
22.796238
174.2352
273.286
1156.746
53.79384
827.96094
6.747039
61.87551
232.35513
22.064276
14.124533
41.240612
87.787224
46.286842
54.870914
9.641821
53.5343
743.73785
95.279
34.50747
22.508297
208.39029
5.420576
106.95361
30.26402
826.833
15.021771
36.33346
749.1037
24.250864
40.923744
77.938705
27.818897
6.4354563
104.08575
28.389084
30.574696
8.348794
16.325125
17.62754
155.71442
18.960516
461.10574
18.880856
18.076157
412.4568
19.738897
592.94257
8.500969
25.904612
6.5055666
25.65893
2097.2168
23.850674
3275.3503
9.447095
380.59497
9.55233
75.57242
68.02919
49.577675
8.309201
32.703796
91.17786
103.72253
265.18738
19.99634
32.2147
4.2224445
30.618448
136.66289
12.685573
469.73254
57.854347
8.759959
398.35794
5.750533
19.704643
385.82993
66.30219
14.6954775
353.9536
664.0417
744.8988
4814.256
43.103733
44.410507
22.718237
46.97767
22.546156
52.51543
26.697298
13.901459
76.22483
11.038826
21.371748
921.05133
5.8706884
62.32338
9.931105
70.2935
5.88743
283.95428
1345.2393
115.21044
117.12311
411.4426
60.260117
35.521416
37.107483
145.39859
44.670956
5.33558
172.38078
72.73886
3.9943712
249.42586
87.60445
22.697895
7.6030135
53.28087
160.38553
407.52402
19.17356
33.87087
30.746708
44.333588
16.973295
304.4928
47.69541
116.94414
108.567665
1766.1288
20.14536
45.18728
62.25284
24.888004
2631.2734
22.73468
190.42566
31.000257
258.94305
242.5541
8.425903
62.06303
38.146343
64.06186
230.04904
36.70063
14.330802
5.8134613
15.770247
99.21844
86.38777
236.10841
3.853678
29.83982
215.32613
57.136467
1144.9935
77.89531
55.322823
326.90356
19.478045
238.63292
31.8454
36.33976
14.433127
20.761951
79.76346
48.6884
92.00952
4.790426
23.086899
44.47804
145.46114
12.04537
640.55725
393.9712
20.875996
81.55881
3.5090969
41.855568
16.920841
6.5358305
93.47036
15.206969
41.299503
14.272645
567.6449
20.14365
45.5288
1013.98486
637.34015
26.640701
685.5399
216.79495
15.094583
526.5385
239.75055
25.848568
726.02124
19.298506
11.066553
27.976593
168.79532
161.70874
66.80901
577.00916
101.13377
23.817524
77.2216
148.67105
566.3493
76.6409
334.76584
19.746979
32.43514
259.55807
457.93558
150.8269
29.738697
121.28075
307.25845
471.77414
30.604654
1100.7747
336.4893
1515.781
50.150013
13.65303
136.09666
496.9431
4.0711956
207.96849
39.573963
461.23703
28.275244
35.08457
328.45105
23.655725
36.606922
487.9257
108.39691
30.865854
143.47815
36.937134
378.14706
4.438497
1316.3878
19.650484
242.39455
1093.0294
98.7256
1260.5149
263.6302
58.836384
32.43575
12.073406
14.942569
39.429577
421.33688
23.814674
213.31879
723.5636
28.899715
73.261444
15.6633
180.66876
13.418443
32.546577
862.84644
127.12895
10.387396
76.73408
17.711142
15.313072
386.25146
480.0362
108.72599
125.10168
7.7237563
4.8554525
69.06781
26.315266
28.60347
32.681713
10.975282
63.04089
373.70215
51.682125
462.0568
281.68488
13.40477
10.369829
218.42291
86.36285
36.272865
89.41364
3.4814687
350.40326
87.78764
8.264293
16.929548
15.900006
32.58494
568.602
158.08897
98.54109
213.56744
231.86484
472.0831
41.667633
67.73344
13.6467
8.342635
53.53541
20.118721
31.719793
5.3732457
298.30823
38.005226
9.360167
509.81937
22.426758
33.729435
98.65007
24.019245
346.8162
289.36252
435.5388
160.58434
10.696792
47.170338
136.86603
607.24084
757.3721
520.70575
67.77214
48.427498
143.31738
254.55222
22.925697
5.1234303
14.397106
19.803873
216.37308
39.541557
18.242573
26.907515
20.245956
7.657458
35.959167
7.567176
43.77031
26.841646
278.6369
23.417416
69.592224
37.753403
35.546307
17.926256
69.89756
5.420576
10.689701
1126.7046
13.384216
44.25026
351.5153
253.7221
1435.2188
53.23073
173.28229
138.85686
58.262077
111.79573
404.79578
6.988925
410.59396
949.5838
118.90095
329.07248
1266.6606
22.45521
2408.5103
79.193245
377.13867
89.57691
33.440834
10.403233
247.26222
71.12956
361.40076
48.002518
212.11339
160.02298
1437.5522
186.13477
24.9226
124.98511
1500.856
10.243978
12.220073
9.253994
12.974673
14.136381
337.36475
65.33985
134.54309
276.47223
357.63052
8.731664
294.63242
4.2224445
443.42163
9.161144
27.017555
61.833096
4.1938963
12.991395
275.3194
237.13506
281.96442
14.193602
40.05516
114.33289
17.22839
35.899128
36.152157
59.795277
22.279114
35.388947
19.589622
41.96055
694.67236
69.882996
59.0761
762.71045
11.770245
168.64754
13.351418
316.40976
19.705189
5.2964144
19.989513
62.123875
13.263606
13.648665
333.51047
386.17245
1059.6621
23.571323
44.5832
6.66239
24.688803
52.213997
18.503832
833.6637
323.3993
113.65496
59.26604
189.66074
30.993399
24.42741
36.68136
39.34671
19.254642
40.264843
186.55995
458.51614
43.233932
732.2485
18.98962
1180.6125
510.06155
8.415536
9.552267
528.8845
347.63278
22.19397
45.104805
110.684906
29.80957
19.464243
51.52613
174.33858
135.95967
148.30754
93.32593
202.10866
693.3751
8.464617
11.323353
33.839108
13.7035675
798.1399
36.959095
274.38348
1005.74286
17.371613
215.81099
793.7521
624.379
19.914415
219.68846
1680.6488
118.07678
80.32499
387.55988
66.52307
38.792694
18.871752
304.89368
12.004642
22.265062
163.74901
77.237656
35.27637
34.522152
234.71379
36.949245
305.05902
116.81227
23.339088
451.3963
300.89844
38.3339
19.127937
20.409958
50.921886
535.96
118.54243
38.994244
32.47801
47.32923
38.928032
19.448025
15.340215
1118.96
44.787376
14.260352
722.6254
542.97687
22.668137
9.264773
28.589956
16.167358
416.29254
33.03812
27.410599
201.70987
166.70387
66.30889
516.1392
34.27494
588.78625
51.45076
205.30257
422.54788
35.578976
136.749
18.812687
120.04047
10.33941
30.527422
90.96338
10.230894
37.879566
13.783477
33.36292
46.678288
28.000998
46.8135
418.19916
47.978264
51.209156
386.3161
40.678497
46.84551
892.9916
396.02008
12.653886
595.52985
107.001205
1292.7456
17.460123
832.32074
68.45204
73.74262
479.07944
489.17087
236.72664
74.22665
323.80557
10.069466
200.6309
179.62122
445.95874
61.573387
70.871376
116.22605
64.07102
18.48324
66.86294
8.211319
164.81042
373.4784
8.851037
7.3349714
22.894382
33.13277
48.143368
26.130775
17.435833
952.1301
53.21497
16.919434
11.546219
18.668367
7.184384
9.39045
21.793985
35.830635
42.689346
73.11696
848.13525
18.312153
394.15143
131.67168
1046.3717
19.919886
21.616936
23.396523
238.5418
55.530716
16.099459
5.665212
668.7704
262.5657
632.5393
116.279655
14.070215
12.765607
18.150076
296.2045
45.719482
12.357176
20.10963
17.303137
23.003845
295.87827
92.85457
23.194561
27.20969
13.763406
21.132244
633.24457
71.06071
33.11089
50.715683
300.67053
4.112687
58.38762
99.22989
20.895704
288.33954
54.53604
6.168563
5.9223795
51.147305
15.799346
54.8412
34.76492
15.690771
24.917591
52.85411
154.47575
61.80412
957.8989
285.68085
20.32074
20.77612
364.98914
32.16671
49.209194
962.94293
585.68616
99.771385
767.27234
31.807966
16.353539
33.918858
243.42506
513.61145
191.17651
12.666255
1271.509
256.8258
77.24123
101.1602
102.814705
136.22522
203.93503
152.72076
103.76344
21.72855
20.179264
17.557959
644.7441
43.92529
10.835985
8.404222
453.65878
15.801014
15.65126
48.987167
723.22595
384.33615
556.4663
46.419357
96.93927
330.1557
449.40756
264.1107
13.475021
33.070133
187.78294
564.2473
18.037273
104.12109
225.87311
161.36867
89.88725
53.791286
40.20781
165.00166
43.785507
39.950832
7.107616
466.88763
254.25682
30.52636
11.691823
113.34333
175.27966
19.68587
75.19897
95.78487
313.1619
835.68036
30.827164
14.4790125
40.8834
2533.116
276.33514
1087.165
336.87012
96.81492
22.164341
7.4183702
53.945213
142.01459
48.751392
24.28698
302.62918
28.028296
16.380043
59.62706
24.285221
53.920948
110.601654
10.9038925
50.641968
37.738052
514.3116
307.9675
12.850538
4.4671254
12.875926
75.30863
48.352394
8.261742
45.566067
18.415976
57.902893
2728.0625
294.5858
29.087301
32.3091
13.006699
52.20123
15.18151
360.22534
299.95224
40.270134
900.1739
101.232925
130.50267
2381.3154
24.253431
44.876522
1263.4382
156.97769
16.486809
394.20554
16.606548
270.80963
18.659143
1080.678
25.173801
128.9212
5.3696947
242.11198
5.590064
67.82264
989.7939
82.81943
27.77155
112.262566
265.1324
5.8046055
633.03986
7.4947147
24.239777
13.758245
402.0365
175.13463
5.698721
1005.4638
303.82
192.71619
232.56552
563.167
15.778044
326.08203
6.3548336
339.9825
12.978831
13.812871
160.29997
152.17717
40.073647
11.588209
31.629143
10.788738
489.86856
15.5773535
67.88327
90.39897
24.918625
6.0986876
368.3499
241.77985
20.347738
9.537018
48.053474
34.868248
17.300356
717.531
22.73985
23.23173
26.280212
40.19998
16.89868
19.268389
293.26456
87.43547
140.67337
66.88057
3.942386
461.12268
5.2682247
73.047165
8.367318
592.8832
150.379
72.65677
9.661555
57.884037
63.368523
11.124487
111.050995
18.859512
303.51996
253.62256
42.270454
32.212173
8.600159
21.348816
35.169895
17.919886
104.77038
31.948376
361.47296
11.196356
277.2018
203.89449
342.03964
19.334335
253.50613
22.744337
24.977325
18.380222
16.573038
16.358488
444.35693
378.82275
520.48804
32.100224
565.6249
15.368546
42.000824
378.08936
10.338379
15.490372
24.819363
199.3021
22.270325
201.6619
8.182111
10.520918
73.358734
152.77174
825.5365
270.82214
17.93522
6.4352336
39.17517
44.997204
17.100973
41.209946
48.75988
32.54384
128.8329
3.1282153
10.748745
5.77329
20.178553
10.922548
238.60095
355.55676
15.198235
16.097437
19.099195
13.178093
217.89029
739.8135
272.5948
10.890245
1431.0557
207.04364
29.115673
35.823624
89.72226
101.42372
27.263802
221.14392
26.360685
2044.2632
58.770435
70.052444
4.004263
19.391224
40.991123
305.20438
29.842104
7.347434
6.971327
233.55838
357.86746
274.5353
67.86916
25.559505
61.366684
25.118687
40.531563
107.86774
32.375687
21.364147
607.1236
23.023647
627.3562
344.07657
336.53986
47.839912
19.275492
255.24806
13.518356
294.39368
67.42779
20.197685
474.58298
57.416412
299.79868
480.0362
53.033848
8.729618
8.860223
171.78506
11.045539
153.89993
1879.5835
34.52585
27.553726
23.378513
20.499369
27.306282
104.71619
280.65762
494.41833
67.154724
24.998863
112.29983
179.87071
36.24611
13.68392
667.6516
46.231857
87.97362
77.46361
73.49637
63.130806
26.150202
6.860349
266.62448
22.559534
219.79272
99.60145
753.4354
628.19855
630.9641
10.009499
13.396076
110.54486
328.51605
46.4172
436.4804
268.33752
18.40224
8.284
6.332588
70.93802
15.73832
30.238293
5.762266
168.34946
49.9752
124.05061
13.037767
325.7069
299.81625
402.90723
599.5456
241.11174
41.22989
21.83219
24.998499
38.62041
253.91406
23.799427
11.559395
11.102585
506.94843
85.071526
4.664456
29.790821
22.251312
50.31301
21.451553
8.449362
7.97626
110.71489
60.478893
732.9286
21.458445
1085.9827
793.3101
15.816788
141.02174
181.15677
46.09612
32.97301
24.704308
20.642544
93.073944
374.86417
1421.9368
162.08415
10.827551
21.711063
15.773488
6.539263
16.378008
15.554581
895.054
29.860516
5.9558787
35.188766
62.878323
6.396496
289.00992
36.927555
16.029829
477.01035
27.057308
35.24057
96.75368
66.92402
530.65686
5.7324877
169.5947
14.545128
10.4655905
33.052513
26.4076
12.458296
13.601873
65.084
241.9481
12.643355
7.9422035
12.642433
41.893715
21.59515
27.717888
80.95151
33.636173
40.73643
342.6915
215.03494
354.8344
507.63712
37.869644
173.44183
52.554558
1218.5493
954.7261
6189.254
42.340153
5.2257624
16.219564
28.781494
206.53671
17.86834
580.3854
50.38991
14.954141
15.711525
24.961456
12.365764
6.083676
15.483444
36.730427
44.3591
35.748116
23.584984
20.048157
25.12624
160.1752
47.03304
37.397095
18.611475
20.445005
136.29422
672.155
48.621166
173.11372
101.48144
161.0773
18.526878
58.064747
23.820158
64.74589
96.7624
201.08336
354.12296
232.44922
25.777866
104.95774
536.1939
22.544586
144.46135
700.4223
556.1485
26.879387
499.70975
24.43193
7.591104
1595.1399
11.777903
595.3924
492.74002
30.50145
103.19305
4.3675814
210.27844
908.95355
47.017357
11.490288
113.21181
46.39118
7222.5547
117.40369
758.57166
53.753876
856.50616
150.52292
159.2177
1002.401
16.529394
57.402695
5.877055
14.286651
41.593708
28.041769
88.43601
8.06771
935.8828
6.1305957
860.56433
24.409317
5.2441244
48.359287
36.777134
442.71704
651.759
13.253052
9.66788
74.49371
185.11652
34.912395
190.30884
10.7561
17.713768
4.3324103
126.22868
35.431717
129.67604
30.230696
199.95758
10.547507
181.31924
288.67645
48.266056
33.589638
12.652121
94.984055
95.152466
10.020215
164.88557
278.3559
1597.3823
10.677516
18.625906
999.0097
137.14937
354.8897
27.427877
119.81104
321.49228
337.22656
51.580276
42.72628
6.8942437
130.42372
26.931223
19.39995
798.047
121.2774
49.37989
40.034367
41.00826
72.22199
734.2932
26.775455
253.58556
27.324165
85.23752
225.557
9.158253
740.68994
13.72794
3164.6697
22.57833
22.536396
29.34261
10.732779
69.51346
28.388191
26.587414
6.763732
54.61781
20.874752
163.00494
69.91956
13.245716
28.766916
440.67865
59.453136
70.39383
10.838921
22.792847
244.66335
50.20278
66.125885
11.040352
3.4814687
23.08234
33.92561
14.421394
144.92734
35.156002
22.603008
22.361412
18.899115
213.83075
6.677717
7.71339
1281.0887
5.840884
7.71339
16.11766
21.283388
1541.9971
468.05945
530.71405
6.8121414
602.3938
22.808186
84.564804
8.28941
26.364758
7.401451
27.516459
59.619328
23.75325
127.68959
25.405327
8.774458
1301.4963
9.727579
211.38309
73.26075
18.390276
36.631187
24.345657
29.475319
12.404555
21.538963
16.346252
14.595464
563.3977
42.937153
286.6155
385.46362
36.400345
46.51134
232.44724
124.900276
8.676925
14.811092
21.3433
12.127797
30.234436
485.41385
54.34735
36.428726
59.257736
528.9937
77.183464
44.750095
115.018265
61.632046
11.433226
275.70853
29.702906
44.738605
57.902782
313.86603
54.76108
17.157299
7.9915075
62.33286
35.522797
161.5408
118.87753
28.674973
358.7756
48.812267
19.44199
74.44127
15.507769
9.714019
143.4947
2185.6992
189.68661
377.10376
37.623455
37.659836
17.872946
630.4982
251.7247
13.682583
37.751026
82.48364
16.05553
196.67334
24.765095
59.293884
873.2264
38.422173
23.975174
471.30667
28.702244
14.0478
54.110825
75.15104
50.707485
30.442268
6.095135
6.1391354
29.52082
6.656958
451.0671
58.76382
30.554262
144.47672
26.677242
78.91987
544.584
36.226715
105.88565
874.2855
1147.4153
715.40674
16.078194
359.67865
92.14972
24.479008
11.992023
48.06059
21.224966
824.7971
26.395306
7.9422035
344.12415
27.447247
28.231304
77.959076
74.1198
15.719483
226.03871
132.57776
133.10866
10.5235815
379.73682
34.656853
163.73769
17.821972
43.5506
705.7589
30.78946
15.960243
215.2635
526.8992
110.01281
52.786484
95.90204
12.490587
42.928665
18.895294
37.28405
208.58246
21.228844
24.317028
449.04492
670.43384
199.49492
1525.4312
73.61552
278.18088
44.825226
72.41138
447.28806
28.316761
61.29673
359.8634
16.676414
8.230148
7.0560074
23.214554
33.529156
40.572266
129.76976
207.4404
44.360443
20.446423
31.184908
16.680067
383.9676
143.96211
244.26865
143.91818
732.3578
47.15374
13.440766
438.6725
12.963527
8.680347
13.992967
17.818604
23.618876
129.11998
4.509949
173.80023
11.039673
49.227688
3.349585
76.6299
9.404583
24.963093
5.1639814
5.394797
116.24706
222.8499
2011.0225
144.506
14.299774
142.11336
12.8290615
6.1138663
297.26074
12.865898
9.468498
217.8854
47.352158
6.078211
8344.444
31.801083
17.434872
38.65797
26.364162
37.129326
511.46805
4.2224445
5.844697
10.933911
76.38977
48.439808
414.39206
168.03218
10.825901
24.540756
24.312866
27.648651
18.9109
804.94116
25.505722
175.72018
501.3714
1252.9517
58.382023
3.942386
25.138111
40.397606
53.766155
108.71909
165.62006
8.42857
59.518517
25.65219
79.92051
12.664972
19.987955
10.051727
56.601772
16.97935
34.12775
6.812191
466.7979
10.242412
12.255581
14.106297
38.11379
29.534191
3.8253398
10.636657
222.50089
26.635025
36.969997
20.598505
13.986676
12.569309
19.422363
562.6197
20.367172
11.802178
190.57008
61.87374
221.71884
55.333847
36.56801
24.954231
37.632507
6.4896955
95.7914
806.2038
13.221498
820.36804
19.55069
56.87644
23.898342
2967.663
12.825813
17.960241
412.69977
371.60162
14.266616
85.5553
9.285029
25.349632
142.78369
25.967636
25.040781
14.651104
821.82446
7.0069017
50.180634
17.11286
97.92873
17.46489
22.061798
769.1622
96.70432
12.2330675
21.275673
87.38124
9.68795
10.280183
413.49792
15.617459
77.90857
32.462887
23.715008
118.79684
103.01001
239.73637
321.59824
78.61658
394.4778
60.954456
23.87621
4.2112584
3.4814687
265.69724
62.180897
26.887531
11.343827
67.85308
31.927374
11.138659
28.461987
497.44336
7.0463324
86.97158
371.28937
45.014297
25.400536
8.272543
11.033577
301.4601
25.660862
15.252012
13.812561
193.02943
268.1894
113.268234
8.502264
58.71654
146.50522
16.808851
30.045568
15.180326
15.678909
9.672808
442.48065
1827.3795
1288.5686
205.96326
36.439957
12.186166
8.055242
14.801671
525.41516
39.261005
7.799129
17.979666
743.7035
54.87314
111.58664
134.25163
90.968414
42.88209
9.961014
1691.6204
29.284693
73.26169
687.061
15.455275
30.072416
26.929592
1298.5171
19.038683
42.87096
803.28973
12.93557
65.578606
111.44854
15.095802
848.0774
37.226784
92.69469
29.524567
42.075623
33.769024
440.49295
219.78601
12.936572
12.447617
585.6552
496.37192
33.216255
7.700107
220.17633
67.15978
14.736598
18.03027
176.12451
257.89355
35.082596
67.244194
379.0969
34.290928
38.254505
1187.7935
144.30727
393.48944
40.092804
119.76991
36.216515
48.277035
154.63141
43.74355
56.872345
13.924091
99.33821
899.1872
6.0512104
1118.1252
17.222952
157.04118
44.173847
207.51926
7.9865227
12.740246
27.66713
347.99533
181.86761
19.369259
994.5182
85.07648
15.585931
28.153502
60.93493
112.15192
157.79932
358.87482
171.54791
348.917
258.33395
820.66534
53.225525
276.36084
623.1979
8.521677
62.36339
15.162382
117.61504
3932.8125
1235.6711
37.06157
11.199044
854.56024
7.687243
16.31603
29.983019
66.01643
272.7775
30.678595
23.127296
14.884625
698.724
144.61504
6.598125
26.841116
371.10278
641.8937
983.58203
7.5668693
14.497876
360.29044
298.0155
306.76862
44.136547
370.05457
49.349785
82.48258
26.219429
17.439703
30.715408
223.18105
251.92104
63.788986
601.44775
35.42236
154.77614
13.479777
31.25861
589.05554
24.353836
9.041748
626.2446
32.33823
24.028198
64.777176
15.712154
119.683426
314.90192
702.3748
29.964617
230.19312
235.92014
539.1703
28.648466
45.137863
150.28847
35.548073
6.896016
41.356438
19.435783
98.25778
24.454197
35.950058
28.061707
148.62555
22.991705
32.774273
2.821628
39.89373
28.661863
716.21155
36.74988
608.9702
13.621157
104.226845
13.5158
329.16318
21.095285
4.8585167
5.067155
6.486248
81.37475
175.20029
6897.2144
4.505908
83.107506
13.544834
93.76816
16.310492
28.93303
28.826132
30.61593
76.31204
29.204468
11.748737
448.8244
33.9182
64.06009
72.80854
226.6244
72.30148
192.8481
1851.3011
400.0805
11.697134
237.42097
904.9981
214.03365
56.7921
66.52872
107.51193
91.44211
19.68227
12.535642
117.544846
20.099539
105.46031
16.281458
7.1538806
23.267277
38.538982
138.78345
66.47729
342.25433
202.59091
31.059952
11.546219
26.101267
70.53195
147.02539
10.02568
833.6243
736.31104
67.11192
125.2048
12.718698
77.40556
56.31992
308.70764
11.730027
10.086016
46.792397
52.441833
18.33284
29.033543
305.3131
21.783726
250.7871
16.61841
578.4621
6.598326
11.296746
13.031695
32.3732
3167.9338
9.92926
86.01926
439.7846
13.79298
60.26983
49.725624
22.286663
255.56653
32.44182
119.29945
34.33079
10.252441
22.230377
18.189653
39.319702
37.785805
377.79437
411.45593
15.758392
69.45144
124.07617
37.052567
77.82455
26.349237
154.24971
18.088964
1310.0632
665.78326
2010.5403
192.34749
15.800633
121.0758
442.15332
20.83264
55.794594
120.19838
35.761063
14.775582
5410.914
84.96029
37.401367
14.68627
11.528172
22.846817
19.551239
9.281404
1306.1249
441.05328
23.52391
24.705061
17.792297
179.18817
788.89545
46.72917
249.00055
5.5134277
9.226449
203.3942
32.5466
13.638639
3.5552173
1082.6023
24.758625
212.88763
85.0229
6.2648973
330.4923
21.591742
214.48358
50.25103
174.26254
10.90271
44.401382
151.0364
113.519875
14.726367
1396.1086
18.633434
64.66844
23.223368
39.10204
293.9716
17.227108
36.776352
8.961716
11.602244
93.04679
449.6695
291.43323
23.991476
114.56505
81.23549
68.11585
24.642916
11.448547
3.2004309
23.32648
6.7474613
14.507305
16.276417
10.090436
23.788433
286.89444
20.273624
279.41153
268.9942
103.39612
582.3628
165.83849
289.09924
9.721178
211.79877
476.39093
360.07352
16.326958
67.743164
27.675152
108.65442
16.51309
42.836906
50.5513
14.583742
222.45706
8.241285
1034.0786
8.150653
12.669133
55.362774
26.984562
32.640278
189.17526
24.345581
273.2576
26.819693
12.74205
314.281
31.440458
83.394516
8.899324
40.253517
65.181335
328.6248
33.644073
25.321774
7.6222305
44.329834
6.5645924
19.009556
181.78351
680.9556
25.602264
371.55536
42.055134
38.954
47.091465
36.915485
277.34857
329.7641
450.88733
6.356669
62.521496
609.22845
71.678375
93.74277
75.33869
165.14413
5.671663
8.7185955
9.139396
1220.4788
9.033375
65.97858
58.931458
26.607878
3.5090969
213.19635
412.15973
193.87375
500.7029
27.892635
12.9092865
13.804841
18.213503
315.18988
256.29718
21.339458
51.32316
17.5483
558.3167
32.0736
238.12665
11.19976
73.778076
47.99565
278.98682
13.5850725
125.95025
37.75198
35.540123
152.64505
236.75995
16.240309
7.259792
28.444214
103.23562
34.689327
254.02403
258.49573
262.0205
978.0819
1164.73
239.44893
49.186073
28.822243
22.608133
35.777508
22.980003
36.91731
74.42465
19.037258
11.370384
469.60333
11.546219
1099.4506
53.105526
22.433367
164.69095
25.040459
53.858017
40.168316
218.42197
10.95605
28.097162
528.61926
43.892273
496.42374
17.662867
16.050234
10.825424
535.4872
17.051199
12.083788
155.61496
51.31912
85.25573
8.842853
15.848028
8.775489
805.31665
8.346108
33.33683
40.44864
59.852158
25.41098
10.937074
47.43135
15.034411
11.731238
147.73674
22.63101
93.529655
29.791716
11.282557
45.47603
81.68631
15.051918
26.505375
7.564946
16.031418
101.76851
29.184797
16.939547
78.821976
37.15917
29.696186
114.11682
205.15968
8.573241
20.148186
11.046845
77.64152
10.398362
844.0652
18.667019
19.92028
11.651843
81.592064
25.912506
31.861917
517.2326
93.39511
67.27553
39.832535
6.593104
39.12336
216.3018
8.967288
33.17139
50.783817
24.63975
27.399426
3.795886
5.7779274
90.27207
1493.6799
18.396175
20.633682
4.224254
70.12109
52.574635
150.53606
23.21451
269.70123
74.032196
9.037555
30.744493
545.5196
250.08635
4.905258
27.761002
6.62106
9.043361
944.54535
325.2858
7.514817
800.9394
937.9084
14.0926075
58.423546
48.176437
401.5359
41.77081
58.653217
6.566047
7.564946
22.072773
11.116568
110.76584
410.95908
364.34314
65.642395
16.183722
29.660135
99.54253
13.401923
225.20053
104.83754
12.438488
8.950038
154.4097
163.67055
23.605381
656.9365
46.37146
18.777523
100.58536
20.527506
166.39081
209.70128
43.552193
21.767342
38.458813
31.750837
18.907074
79.199066
84.919464
23.406025
51.092712
63.137787
135.87988
185.54617
5.8822923
68.0481
768.6434
64.81938
184.61255
8.445038
323.72052
23.910315
17.87826
19.06378
53.53882
11.9464245
155.33961
20.685047
9.297499
354.53336
40.154594
17.406492
13.019043
23.100983
364.55878
1880.4414
272.93896
7.17458
515.0103
23.446741
43.675343
31.0432
16.710972
262.7547
165.04204
370.44458
16.331905
62.2586
378.03403
14.191335
17.863258
15.536406
11.026347
491.57553
42.484074
129.06299
9.809454
38.389492
80.934875
5.036688
31.07024
24.777557
770.2787
396.11356
1367.5076
226.29906
117.591606
5.8788404
39.54482
14.542001
177.55438
12.041362
23.720884
568.41113
98.76769
330.0751
27.206219
224.07057
183.12271
82.28585
34.45287
301.4538
128.76878
477.56976
10.909597
867.0591
7.4530997
12.645049
17.352493
6.593104
405.41623
196.35297
9.739749
13.852472
35.63346
195.48723
7.447398
77.16024
124.841324
10.357193
26.701683
222.92822
146.01535
56.95259
28.252245
48.79286
12.076601
44.761063
281.18405
7.801781
539.0677
22.530724
130.55663
26.244633
8.825525
596.181
11.973482
33.477825
29.120922
328.63168
3.4814687
471.275
41.216305
20.536102
33.770752
1150.3774
62.75375
31.610756
177.15277
105.908875
136.4508
56.78831
1173.2266
69.32171
297.0979
94.51121
708.2996
85.89392
15.397303
56.549385
188.62032
132.52985
23.080442
285.20203
5.297107
7.2596035
566.6218
17.307394
18.526865
28.446486
246.93256
79.96149
148.20898
13.388219
28.141155
504.20978
151.57043
316.34747
41.01889
345.97778
30.53144
7.6633496
10.3846245
22.20715
893.2083
16.412445
30.364388
10.316086
42.495003
57.941807
228.44824
24.909882
6.547241
47.539154
5.72029
405.78235
13.893775
13.725456
21.405262
97.770836
13.290459
59.32457
64.64492
36.003193
8.319043
75.5948
55.134106
19.244436
336.90704
24.851652
3.5090969
46.560524
362.74915
380.85367
72.49294
86.99974
387.46783
2581.352
156.31738
74.00308
661.21533
25.336237
75.041756
253.0338
53.776
167.84688
23.152262
58.259968
2342.0579
47.5817
69.60424
16.161264
41.715466
59.158722
38.226124
39.542934
358.9818
25.152756
5.223091
35.604492
1416.7681
282.61563
31.56614
192.25919
54.5703
42.45402
369.43115
62.179413
28.749878
21.691196
1179.7133
76.796776
52.301487
56.668262
49.94298
69.04753
276.06766
10.998141
17.769535
19.43989
42.067608
29.176184
22.612068
185.73074
115.77166
43.17861
27.604206
402.7937
9.481106
234.5283
19.911858
305.35385
485.8205
13.861981
25.121742
2.9477875
12.753061
229.20735
115.52704
47.82284
29.352055
28.19049
45.38826
77.30895
9.077691
2091.3071
10.003923
59.22762
28.712791
60.812027
21.289295
5.681219
348.7176
11.400442
87.69066
30.818447
6.5165677
192.89685
84.98675
253.73482
21.907566
16.168175
37.090263
8.754643
15.220953
24.339342
259.41876
2263.99
18.126646
28.522377
133.91246
50.946053
48.620262
8.898297
46.634182
47.898838
60.82885
34.865597
16.833078
126.031166
17.94078
139.52954
241.2929
19.978802
182.05147
335.26202
2342.7068
451.9218
18.395588
5.3553076
104.07959
209.02701
8.114008
64.634254
5.582241
154.31769
8.971655
71.323524
212.86014
16.437548
70.03735
588.82245
20.688745
193.58183
765.8735
619.22797
300.3262
485.3745
42.87096
1389.7722
327.4785
789.9615
33.8032
21.474842
13.783381
164.88715
28.582085
89.621
328.07117
105.75264
13.643246
170.26828
279.4691
63.092075
14.478239
10.783398
1390.7042
37.81596
216.59988
62.162663
33.5527
17.032598
35.23167
5.46949
29.267326
49.181793
33.974262
74.40695
95.17878
13.660786
18.128347
80.92291
19.621468
12.955246
589.6578
112.30679
136.53697
242.28107
319.35294
56.901585
25.732992
221.22809
295.05463
31.712376
75.49883
1093.655
318.3346
9.586647
11.150538
16.536098
11.609157
46.285416
17.518562
21.701132
17.822882
19.396343
556.4679
30.740126
16.471144
21.215343
64.016785
8.036546
87.903885
144.03029
49.481453
597.7968
276.8981
36.24934
390.68842
11.286949
155.7572
14.036026
30.586046
12.039309
22.201305
20.706106
15.124083
368.22418
2194.553
14.740998
73.71696
297.28256
523.9473
44.143272
472.8297
11.854506
24.98533
38.146908
27.372545
4.9012756
39.695637
54.747505
81.3486
20.441296
52.211147
518.5083
333.67908
173.60226
12.678072
265.15793
22.871098
328.2043
255.12456
59.04602
7.4074516
75.6183
38.447884
27.06013
19.151844
24.82002
85.15018
24.458548
82.665436
9.118866
224.03725
605.5311
94.981964
738.8623
82.80576
8.184163
99.15714
23.666975
20.269714
54.63529
3.5090969
11.651204
37.796616
29.83028
215.4202
18.270493
17.542837
12.871129
144.42628
25.760117
48.372223
799.9935
18.73723
310.8111
14.378027
84.79549
24.991516
200.64296
72.475975
327.97043
469.92767
22.998981
230.20332
99.92622
922.60913
63.429108
44.28086
20.029505
741.4953
8.325494
6171.2715
398.35168
1745.7059
27.218117
20.188034
592.6938
152.71042
54.27396
9.740113
356.5277
36.4909
14.58746
275.73917
111.05497
70.34195
10.344418
222.26389
7.0934896
51.13487
459.59836
11.5395775
23.987284
65.44194
128.64229
34.952755
13.703928
95.669334
10.208887
46.224716
16.352514
58.02273
10.496752
230.15756
151.14209
17.855692
34.858505
13.372211
255.77586
378.49847
25.129913
43.103455
18.817509
143.20193
11.64101
11.09617
13.313337
155.86871
198.0988
73.89719
134.17209
11.182748
295.03915
515.41565
13.770597
1306.0769
16.095787
40.985085
56.74768
451.72552
11.14135
41.77836
63.37937
63.205112
94.022644
83.29019
34.060463
130.07983
18.57415
32.126102
447.6068
44.959293
18.354843
30.45403
205.26155
44.254395
962.81854
968.64746
195.70137
24.582092
30.902325
31.553852
364.75946
20.088142
24.49741
193.81589
47.264866
520.3565
53.007202
11.952994
29.400803
26.0754
54.359688
418.58142
159.23471
510.20166
6.790988
43.08158
478.72638
704.8099
18.025179
151.61786
43.84044
605.9852
116.667816
21.514051
246.8632
144.35991
202.15262
387.96646
4.24419
12.29527
12.2805395
435.82446
20.579243
310.72455
148.05168
382.98
580.2904
228.26717
86.17354
593.5813
109.95685
15.086764
541.98096
129.56819
16.563242
463.83627
71.98099
39.508743
585.6122
438.29343
1206.911
736.9004
30.86913
480.50955
78.46782
216.49176
9.699733
116.29674
132.6572
21.024609
121.17629
185.54617
12.776191
288.0496
187.63284
148.72621
62.874756
518.02545
16.673687
3.5280406
9.297131
445.11658
3.1282153
5.5413184
22.983025
16.864885
33.416622
155.71933
64.46082
12.859482
41.993324
27.134037
55.26835
350.13934
45.876442
495.09897
13.607382
357.73746
9.668016
30.120693
468.6801
39.081547
28.11006
542.0011
4.721844
155.22128
26.636713
1361.423
236.64696
4.7140374
154.98306
652.55383
17.678432
744.1273
4.3242116
737.6471
10.567579
3730.7097
168.84756
126.60453
33.070423
5.130218
2801.3552
644.88184
35.907722
75.76535
35.247322
215.12016
16.081982
812.35297
592.84924
32.993458
273.8904
14.449341
170.4517
187.48831
53.290894
187.77579
564.22095
27.689281
28.10033
258.51288
98.519714
442.82343
26.92834
14.965751
6272.0547
120.47157
246.03214
29.976408
91.97075
74.255035
36.761276
64.09813
19.895546
79.93663
23.975185
37.689693
595.0456
470.67447
62.47599
6.4431777
101.33758
26.91119
203.12814
12.139846
13.472012
6.0036325
70.66354
42.207325
126.17999
12.365563
84.74625
10.787192
48.360092
33.0057
32.14505
1234.5403
11.866859
107.78192
314.161
106.66896
576.29456
3422.7507
341.17792
46.624245
5.583517
27.979523
746.58075
46.310493
7.882464
18.482244
196.8609
1050.2588
481.7149
5.8788404
62.036667
96.107315
197.89705
48.193554
12.999739
66.57572
22.01545
13.0768585
1022.96295
2636.1787
7.2521524
43.354443
300.00616
6031.287
26.087805
10.009434
28.436287
22.284904
163.64386
148.8469
149.65416
610.62445
41.77505
63.81089
64.94217
43.181858
14.844447
22.17541
56.781406
861.17596
229.4941
744.50146
22.72902
82.941345
45.09072
112.78318
59.238182
198.14142
225.3681
719.50995
21.914377
5.7779274
12.445459
169.84613
35.39895
70.559235
228.11885
11.438011
37.417038
588.34143
31.843744
5953.5664
893.5666
4.509949
188.83684
13.837018
96.61938
136.08679
3.7744434
4814.256
111.84745
859.3538
388.575
4.3672905
2268.3816
925.5587
51.908806
238.0726
8.798001
45.103012
9.518724
288.3196
451.95068
8.737072
49.045143
8.190372
34.691483
102.36841
105.72707
9.677264
1316.6565
306.3751
77.25154
62.580643
27.132444
969.4626
56.909237
30.1991
705.9282
20.861656
18.992409
29.28627
42.70139
319.1386
43.181076
174.21667
8.459809
52.656563
121.03198
16.797358
47.064034
23.959671
684.88446
29.462574
10.465685
138.14064
57.467274
214.46109
39.912
152.9003
146.01172
224.42044
515.8779
22.824703
246.01009
601.20807
163.47322
140.95297
161.20715
17.252756
713.04144
16.064974
17.389675
100.223366
798.9574
45.25134
229.8052
106.58095
20.171179
6.862138
27.914223
386.02148
355.56863
10.233485
18.491716
11.9623995
870.9135
16.284004
32.81612
571.58624
576.39954
89.80032
24.975397
22.588673
151.60896
28.01309
38.547684
1138.3422
33.922405
108.40921
14.612824
88.06066
17.917078
164.70398
11.679405
55.374233
5.2021246
100.45044
503.39227
13.074942
14.745008
110.061134
774.13245
15.43214
16.520514
479.07944
40.73646
17.69143
84.178375
7.0271096
19.217096
19.252058
5636.9014
38.35447
36.962692
6.1552916
174.8636
24.687397
10.410363
100.59596
97.31316
57.01503
244.56268
157.35474
70.04466
55.27686
1158.7876
7.0548506
11.030633
226.78127
202.11165
373.18875
767.0836
88.9178
24.16515
117.44904
1203.5587
666.4335
313.98038
5.7242055
863.9716
58.762756
21.784977
21.005043
287.8734
41.7566
39.43329
17.617924
73.78786
31.985828
214.81244
32.09854
11.940983
39.01242
525.4946
9.834366
25.987808
18.700705
36.778072
180.40326
49.746456
33.345726
21.838114
88.570465
38.943626
12.045649
20.94059
44.45057
40.119034
52.023296
188.16092
14.554182
56.61654
11.574798
31.08411
269.9914
16.85116
77.351395
37.333355
45.899364
11.352634
8.02682
131.1684
103.36733
46.122406
19.520126
602.8484
42.643806
199.89551
195.45303
34.95488
24.217785
516.56665
31.795708
1238.3839
93.90602
34.19178
16.387167
208.8909
32.43796
63.248436
135.04185
153.15453
359.30463
414.6526
6.2122865
19.635746
370.07257
9.150712
47.363716
16.5862
9.012057
125.043884
191.95589
9.12973
82.79483
343.17062
13.025899
44.65899
170.43936
428.43976
246.40771
23.404907
15.979433
85.2979
29.807182
179.02437
80.92291
36.284378
268.0913
59.85056
24.919426
42.631645
14.205524
2442.4966
959.2867
649.80115
739.9874
1090.5565
718.68805
25.961327
175.62955
135.83447
4401.5176
44.238518
25.505253
49.617832
10.346823
30.362396
23.612186
672.2781
61.599815
15.576893
348.97693
80.306915
491.59406
131.07631
589.6418
562.4743
129.73294
682.5654
52.019997
65.50122
2040.83
8.723707
18.833897
4.9979377
17.319304
4.3115015
22.409332
58.286114
16.695772
40.4345
780.2848
794.30865
530.0537
28.901321
9.833733
23.926487
380.35477
53.004776
336.11966
158.83817
59.576187
47.692047
280.99268
17.365053
751.0748
278.08673
7.8773103
23.92213
16.058372
49.52118
108.36585
59.448574
50.98017
22.978203
492.9461
29.050467
14.008028
41.328735
61.80978
36.493977
23.319542
21.496716
454.53702
281.3096
92.33159
186.08223
40.18616
18.340689
4.0359507
71.10464
15.25038
4.5811234
6.1138663
388.86325
49.23331
60.568214
8.033483
11.549301
414.11966
104.73506
15.209692
109.93992
15.260083
41.50494
32.769062
21.952824
52.4144
23.94278
114.36675
9.062782
7.4998465
5.7779274
293.89044
22.66539
132.36148
20.950212
44.309883
7.4942217
410.8562
80.96251
17.268164
8.730067
7.9310713
690.40454
246.64365
33.407246
15.314978
35.345726
167.74174
36.7066
37.33752
8.312557
35.94746
3.4814687
299.47906
24.44568
858.8336
14.220086
1922.6414
21.054512
62.181667
333.3871
41.823593
24.685932
907.2042
256.18683
26.1762
30.319847
73.44578
140.25288
289.37726
971.2838
29.726526
48.086548
28.155643
81.10339
8.445315
20.449728
22.206556
23.119434
90.70809
252.50974
11.398121
13.210249
12.274975
7.475024
130.52782
37.275055
143.99423
20.862587
6.603939
20.287971
44.55657
23.043839
6.8629436
51.68364
11.45937
14.247771
23.975624
63.766026
27.986935
42.87096
452.55948
160.67471
64.16516
22.87631
226.14394
192.42143
105.84653
11.748096
61.383423
65.54759
11.244732
404.53662
17.824986
166.81273
28.04453
20.337563
20.135254
67.55397
56.459015
52.570988
183.12305
32.563
30.229982
250.37689
66.594864
21.482376
22.935707
158.1876
44.57917
12.355417
15.150905
53.42303
11.346231
45.7268
22.920834
7.2212143
17.94153
342.25677
591.35736
4289.216
6.4378133
47.66198
59.37282
44.075146
11.461548
221.67276
221.10175
31.294685
16.874977
7.260433
2041.8073
32.9201
4.2224445
8.953305
6.1525774
5.206707
31.302813
16.192533
207.32312
60.835
33.824066
31.304842
30.421822
5.962097
193.28032
1059.1473
2513.862
52.434822
104.71703
72.840904
257.80737
6.0718346
33.025608
305.1495
16.950567
21.555676
182.61034
261.69037
859.6141
21.365248
5.7779274
38.610256
25.241005
41.42976
269.5345
7.7625113
126.48674
19.288437
8.136421
11.454565
5.512113
9.06033
349.94006
67.432
52.92475
29.776016
16.593649
241.42535
28.973991
56.029293
232.94733
319.6802
186.51022
518.54614
32.992496
110.06549
4.161549
16.54872
28.045214
55.73333
10.533464
53.87841
29.205435
100.356026
125.30484
798.1399
697.29016
50477.152
377.80933
6.3532
284.64703
39.739025
37.533028
5.8822923
357.47266
23.794933
62.2358
24.026926
12.161086
3.357999
17.324883
305.56927
91.60803
342.98804
1180.6125
51.119873
466.45526
277.38562
90.5428
12.379953
17.684399
18.614948
13.362956
11.039952
7.811992
502.38464
153.04881
5.8051834
96.15219
24.790398
452.83536
288.5994
5.557917
207.3518
71.924614
25.293892
442.84222
99.3025
33.46909
22.863012
75.582504
51.20146
227.31621
84.42366
9.755187
301.22217
4.936303
114.187965
101.789185
222.08304
469.10223
39.01447
17.882744
32.277596
158.92726
26.69836
92.973526
17.376268
15.29547
7.7147107
9.492399
153.90558
108.305984
72.755196
1208.115
16.530226
22.492117
128.6442
565.79456
648.64557
80.96278
72.62743
586.74786
53.262554
13.469109
60.336628
239.42313
64.79967
5.0881705
155.10417
129.55713
113.42919
60.081455
72.8169
5.0049872
17.253706
488.9885
782.47375
82.32608
483.63693
1232.2643
106.52283
93.02182
75.15846
50.470493
49.271755
301.1222
9.1103325
7.7015285
16.691381
31.502827
50.379627
9.225314
5.776161
146.7269
32.21284
930.6605
458.9567
4.372095
277.45865
29.84056
185.84387
412.61395
6.908601
159.662
16.549395
750.3624
67.58349
12.554293
509.9183
9.462613
56.360085
26.328238
20.228836
246.43005
1072.0554
1030.7316
23.41922
2057.1248
17.44963
13.709633
64.40739
15.617557
22.95782
370.71512
6.983508
24.411446
48.69256
9.386801
9.433273
205.86398
20.86272
18.722252
426.92902
13.278917
396.50757
162.78706
447.51974
16.670567
128.16765
15.960544
38.67473
228.15475
7.0920377
88.91505
281.8288
235.95389
455.15277
488.69827
29.433008
7.6949043
102.71386
29.171064
17.701653
92.36519
7.353057
21.243694
11.752937
125.85785
11.303754
80.54587
80.00653
59.40944
118.0711
68.79697
108.06532
7.9859743
30.872435
339.60855
45.533726
11.240269
527.68744
39.05149
4.8654184
9.737446
270.15805
65.20521
1064.5443
75.42978
61.951736
560.8382
746.51843
46.1453
272.7974
38.07349
5.296911
198.71289
157.25107
29.236416
13.476034
281.60712
248.75798
16.541643
261.5256
222.08293
37.470367
32.979073
27.951092
78.06383
52.229588
61.38904
809.8356
10.301841
649.59454
26.40767
22.990406
457.65073
223.88773
46.009937
75.34268
48.45806
972.2212
509.15927
30.198877
767.8704
310.491
360.64932
24.993626
298.7216
32.688805
852.39557
47.471706
59.027412
8.362832
1253.7292
57.185066
25.22306
23.98235
128.65388
41.23623
263.8148
15.709881
13.948294
351.79364
26.76899
659.2788
569.4121
5.0383883
65.396645
19.777836
80.49158
30.152876
27.18628
171.46164
35.21281
36.004578
270.34735
34.214188
19.61663
121.1986
12.785561
317.33447
11.370384
492.9541
46.55504
14.887596
20.35075
594.6752
7.004994
15.174743
283.21866
6.708004
8.835137
14.349887
14.170159
103.013794
31.202475
40.21289
22.020473
66.61999
37.830162
113.42438
23.947992
178.16603
947.0244
10.813295
7.9414706
271.12503
68.49004
99.64007
49.631462
256.0509
558.6906
40.08194
28.929111
325.43753
18.935598
2125.293
453.0496
44.894638
10.016145
29.519274
330.2324
10.159817
28.160604
52.67928
28.213743
28.349396
37.121014
12.265116
106.196976
28.832718
278.5576
136.92686
187.94803
56.625557
14.996729
324.70837
7.3617334
34.369373
26.650434
219.46274
132.5389
29.833994
48.85573
51.27729
15.318645
592.9677
52.93521
87.96376
322.3733
495.0357
45.080917
48.753532
33.00689
254.53703
5.107771
261.86563
177.39798
25.612326
77.33882
10.996975
35.240635
39.002964
471.33972
36.564514
282.82095
480.70618
28.54821
168.56657
491.4914
474.00537
36.92472
44.320103
3.349585
31.780254
66.22172
15.994138
601.19714
34.95878
573.2031
4284.167
4.5119734
37.86075
3.2997072
22.758919
17.72185
32.743126
16.044672
8.516256
72.74382
12.984638
11.448603
90.90845
149.77103
536.7367
81.160645
99.48938
798.3043
23.374605
340.08774
13.201899
191.0188
372.04077
118.42858
220.6819
14.700215
33.59902
237.22678
318.05298
2326.1577
20.297153
277.34
11.284668
426.69882
513.3068
40.586296
48.65606
32.254715
242.37962
31.640764
386.0224
10.883442
222.24756
86.43561
37.333515
50.9929
7.6645465
1239.0182
266.07782
335.03397
17.878159
38.16806
56.471184
19.86685
7.2581573
23.699724
8.646097
22.585953
30.586082
375.46777
80.42701
349.59515
154.94339
11.970074
1041.4274
66.3734
94.47872
483.7931
20.24695
23.290161
110.64876
10.878943
10.177195
37.215504
52.383102
38.611057
865.1754
454.17545
34.58531
22.353943
369.38043
83.65216
19.292833
123.51998
14.920643
4.7592506
414.63974
32.539825
272.70544
21.362766
194.99576
3025.6902
62.366127
27.626537
28.061527
20.10679
18.595295
25.988098
11.932146
138.42589
688.47577
8.666267
97.38822
353.41125
12.56501
57.538345
163.04428
38.42034
46.591473
19.255749
93.05797
212.33734
19.15284
56.975487
165.08817
56.65864
1589.8547
38.46294
23.77974
21.090725
86.68598
25.582111
10.858482
184.78748
156.35593
29.660877
33.51466
471.4404
19.35984
17.227764
25.144361
773.98846
96.24155
1106.1478
642.8604
37.599636
71.59148
1071.107
10.899227
477.9151
50.96023
17.966768
126.25162
14.086263
38.998184
79.86268
131.99913
166.67477
342.8584
109.85277
17.33319
339.19342
67.682816
193.68063
40.599514
35.70893
1455.8507
162.48734
555.8306
80.687256
14.928955
13.081406
24.075829
230.09555
305.54626
239.09525
97.908325
1045.4352
15.236522
8.141625
1003.5464
120.87361
857.52655
3036.3682
19.86067
300.76044
16.54103
21.091892
49.94623
122.74109
144.56471
265.15793
197.3519
173.7771
82.92435
4.3041406
18.784096
374.14288
81.35454
119.945946
3.7744434
40.762722
67.58581
35.79295
224.77312
11.912352
40.51022
89.45791
9.673997
32.0196
424.487
23.31102
201.94229
17.896065
19.719841
13.722181
859.7867
229.32246
9.816106
82.509056
28.391745
607.73914
12.353182
24.782467
30.10848
32.150116
6.443135
23.87914
44.55796
1050.6836
39.98728
8.932087
438.72437
58.18412
18.616085
199.39116
426.8197
7.8534665
17.985128
832.14417
46.452705
26.557056
229.5033
35.72839
85.367966
870.5394
451.82205
158.71196
23.045967
22.477707
42.14585
54.666637
56.923866
486.3137
422.56442
318.4026
808.3502
7.2910104
4900.377
9.312052
107.28813
782.08984
261.3305
49.740623
32.59073
19.664104
60.867176
3.2004309
89.294044
87.471245
19.474812
55.692688
21.244665
181.83276
141.59589
159.66353
28.620441
126.473595
121.037
27.328144
28.431372
775.6004
59.456963
353.55487
5.839246
1007.02655
23.07681
43.299744
36.66659
7.5940585
3.5754704
19.288092
19.029018
21.91839
53.039955
287.60834
43.293262
15.761985
220.0169
132.5006
25.74833
455.9641
189.7787
48.728104
74.2052
412.83615
11.079745
8.296716
564.3329
31.286024
16.773306
173.98497
19.3876
445.11658
23.93653
60.689205
50.95865
55.797577
306.02014
373.93762
46.066772
381.7082
51.21187
1027.3762
92.44542
11.870861
15.949025
8.264817
77.73238
163.16397
121.05201
15.11746
174.73532
894.6717
8.474021
1553.5569
1836.4817
95.53444
410.0043
12.653041
178.60555
219.71864
121.26658
920.0163
205.32224
227.19548
23.039768
1087.6638
78.523926
447.00534
17.783976
24.525776
24.164867
149.66579
30.350317
38.3251
61.84333
218.0226
8.574466
217.83234
8.473299
81.72706
135.25395
231.09032
204.67825
25.79232
97.183556
178.68903
252.26831
18.257454
30.525543
9.312313
581.5128
34.5564
30.129189
479.31433
52.578407
35.340855
1256.7961
260.2228
9.661209
23.566025
10.761004
5.8822002
14.123705
20.374048
30.724987
43.309235
44.337276
621.4767
60.07965
22.288475
748.923
93.56137
276.25043
26.398787
111.078064
36.587177
392.0883
18.604101
34.34946
13.441709
465.9273
34.50673
220.57607
74.519615
4.0359507
88.8239
33.760998
7.0969563
306.63364
403.5831
128.14987
489.9709
8.211444
17.930193
36.403244
37.746708
14.014475
60.970997
31.978035
465.56287
21.201387
255.20157
45.07004
8.382973
92.24644
23.107159
19.44185
3.349585
21.149921
27.443007
228.49258
518.4707
58.294674
25.600727
2301.4285
234.0218
30.532124
69.018295
219.05122
316.62347
228.73274
1095.4777
8.804823
274.9688
28.33717
30.259012
46.767124
19.68777
190.50304
2479.7446
79.63603
10.665865
16.192278
28.911934
9.58238
51.372776
137.8444
43.909607
61.584515
185.5261
80.20183
665.0516
50.92558
15.165379
18.34186
18.875298
209.14815
20.827593
20.740602
116.78331
1082.8998
994.9783
1039.9243
46.655457
33.263924
27.973866
15.552505
329.41943
24.5028
13.669664
12.937189
519.2308
120.02456
15.397167
77.940414
604.00244
59.506344
697.4731
544.9702
12.339935
4.2224445
41.108604
147.3467
8.907178
264.44983
25.980621
15.765323
44.52916
369.7863
164.694
27.696182
289.91483
570.4114
54.422455
31.876734
287.68558
354.77686
910.0985
5.7779274
596.0975
33.33564
40.67785
33.384468
18.704094
55.142414
22.543205
994.1816
11.8544235
4.30908
37.744087
137.61139
7.9331083
32.456753
13.61256
68.21194
437.14398
22.155258
363.17975
153.10503
54.22799
706.0706
47.2314
365.18967
22.47537
2882.6987
24.615118
31.708338
16.13318
104.644455
21.812355
93.817894
503.3246
294.296
74.06934
10.221186
53.123318
767.0371
41.544025
13.810375
1064.8754
12.344731
295.69012
247.9664
88.44837
6.443135
31.345785
4.877836
84.65098
237.68015
4.176096
320.3782
535.12854
11.043335
174.80632
475.4353
196.95471
221.06189
620.646
17.445429
202.30612
9.502777
36.534607
416.37634
22.483656
62.220875
150.56534
529.2309
22.309113
97.06726
17.769642
69.575806
8.671759
27.482424
715.7479
14.978383
22.734476
29.648342
10.977006
42.093754
20.173325
896.0507
29.756514
15.712368
15.626931
3.2645032
105.939026
457.3756
571.5524
176.83223
16.288877
168.87833
80.92291
44.765022
385.0725
20.736267
20.736004
59.36928
66.74218
111.07992
30.137508
114.536316
153.8675
56.22729
399.2399
104.97681
462.0231
14.833151
460.8455
425.89325
75.60384
57.06279
724.82196
29.692228
18.359694
48.18325
45.68198
207.60556
21.581356
5.3549767
33.55179
253.82303
218.72557
1169.8552
46.014328
66.7864
699.5578
47.488472
39.54515
91.7124
132.4313
222.73792
5.8542194
21.67084
889.2959
105.63546
44.347626
21.14245
8.653282
22.589642
16.10493
16.465479
482.61295
12.442086
12.436149
168.20428
9.391952
125.450836
54.31028
608.8608
82.434105
28.480341
46.107044
27.592861
18.972246
134.28441
22.29574
441.44778
240.91855
28.435364
48.67408
327.5041
16.648628
245.42671
7.5823116
48.326473
114.020386
4.674404
981.28375
307.40265
392.17468
342.76373
1948.3098
96.89301
20.952291
13.577985
70.6682
10.19845
380.95776
10.166577
22.285063
393.24692
490.63486
179.20953
1310.6086
35.986732
18.851974
6.1229873
27.346655
121.388306
12.792663
473.37744
54.732758
143.84004
405.48312
22.997482
15.340204
3.5090969
683.3848
120.953926
38.661087
110.54881
11.1341
684.5929
19.757584
16.721666
19.75279
872.45184
9.213442
243.34615
11.9779625
85.6119
617.86707
46.630867
16.719963
296.7806
7.3731756
131.3687
7.564946
24.172432
231.1441
9.167749
12.664331
54.388443
15.714709
228.9417
24.241695
58.333103
56.366776
5.0141277
6.429849
28.319962
235.81947
232.67622
25.052622
65.47933
230.04904
47.14585
58.344257
36.024223
64.08945
328.3737
15.647959
284.1828
995.9238
19.513891
127.08289
20.268549
14.974852
37.124508
596.98694
654.4534
351.19998
383.0697
27.438152
76.305855
15.029243
2.9477875
26.121706
25.405382
62.71235
85.9099
89.56358
10.595223
233.0661
9.87695
24.200499
17.588125
272.7905
59.725376
31.101576
362.69485
32.579605
145.8729
8.733082
27.910118
34.07605
464.902
1200.3503
615.1654
25.794897
24.164268
111.724
15.335139
468.3767
37.006783
109.90784
12.55072
40.9005
29.734308
296.51453
1081.4209
78.000984
280.8145
220.2512
118.40944
20.652498
24.136606
31.801416
1158.0248
15.358294
37.146385
109.913605
16.310484
91.51735
502.40118
56.011528
26.624142
36.233418
48.757706
19.330805
68.82082
1108.4769
335.47885
149.64673
50.00041
62.949215
9.94935
14.306325
209.74309
37.532284
167.17505
211.61635
54.57527
165.48097
12.22291
18.913944
440.4644
147.49185
22.407158
15.373541
427.07214
1340.5359
16.314215
12.358893
53.3313
46.046074
630.9963
706.72107
41.66973
487.578
115.96111
3185.1226
537.39874
41.558636
392.02344
29.29685
42.3698
223.3385
8.123479
58.824574
27.070389
271.69977
111.057884
324.168
337.81384
24.934517
39.3319
115.87881
26.326437
272.96732
25.964813
93.22328
445.63647
24.047104
134.28537
31.100782
497.80856
50.5747
23.245903
91.14209
427.38507
4.2900295
272.84683
16.580353
81.4084
23.368576
7.647846
33.49
646.5834
301.35303
445.62137
7.9134226
45.44269
10.791983
40.027763
76.66615
4.964157
188.97375
283.06894
596.4162
5.211433
34.3616
320.0745
15.968903
23.335526
42.943398
6.0902734
27.372337
20.949413
1076.9023
1370.2987
164.21645
30.567158
87.99413
27.811066
13.948908
14.873891
14.71139
95.28827
870.8728
716.76056
30.153687
1900.6697
25.323502
455.5612
8.446353
143.4609
238.09053
11.840864
27.134037
207.99081
156.30986
94.72624
21.797165
228.61389
812.9044
10.372473
49.242516
12.500851
27.98241
1510.4794
53.140495
7.6874833
53.077007
297.89145
19.630606
22.659555
217.978
31.84912
308.7434
25.72181
443.3178
20.81207
10.765869
46.675426
108.256516
87.79702
927.5261
75.24735
750.83167
77.49985
20.306782
61.69959
17.800444
158.04256
251.77356
16.450174
11.299483
829.38586
9.220162
388.1678
209.4922
159.96301
23.67675
560.5495
14.823118
87.16431
95.02278
9.691272
924.479
59.82411
55.486145
17.970753
216.96446
37.82641
32.785744
58.742977
36.49996
27.262821
11.707399
13.729073
110.21165
18.963528
14.714098
1659.7544
223.88452
17.929197
17.86827
20.872198
36.494648
33.53858
390.7372
894.336
22.752033
137.61304
4.8934045
36.823715
10.915735
10.643057
442.25684
967.43994
13.071504
20.05662
19.523203
6.985708
181.89267
9.987473
11.373356
92.97388
3547.2952
39.203667
16.851446
10.359119
765.8702
57.079227
1226.3392
15.4281225
23.454578
458.32202
212.5899
467.4483
11.883496
41.9068
327.9351
33.28493
28.678276
34.27197
29.495846
44.985394
4.938594
22.20571
30.185675
9.51171
345.96243
3.0292754
6.559824
33.211163
40.68853
251.9381
19.720604
18.812454
75.90522
2037.7231
56.2451
733.5685
32.86443
18.381948
270.13202
101.620605
16.40095
272.60352
20.009167
27.566277
68.230446
624.56006
261.29797
89.84757
49.91446
164.5473
114.16804
22.326986
31.37873
120.00098
4.058114
150.98499
322.35052
49.759422
56.75174
167.82503
6.8197927
2932.254
356.3511
30.505428
66.37026
24.637194
53.401077
7.2140937
19.768408
20.58703
21.102028
5.6837564
5.8905907
16.039806
694.8761
713.13257
9.916473
68.384766
20.491629
7.549966
209.33823
578.0135
26.095127
55.18987
115.75626
51.922543
146.83904
16.294498
97.41075
310.43964
317.6736
273.11627
739.8463
37.035633
9.991481
56.031563
83.724304
432.28934
52.987663
494.96136
21.580017
215.88242
11.916907
50.568935
313.08978
117.1536
32.67143
15.487181
7.574004
313.2103
15.334208
14.154766
13.886671
10.332724
367.69904
123.50372
5.0175095
32.031998
957.89984
10.601692
19.828772
396.50623
11.612724
124.802635
3.349585
46.860813
24.634933
11.097059
14.699234
535.8529
290.3668
8.647937
138.53233
27.03218
13.597688
29.948576
21.697346
691.2185
13.143148
11.327106
12.736028
35.19693
204.62381
5.114749
220.70316
357.96082
72.7536
292.7
1779.2662
19.08468
14.703111
300.91266
88.512794
167.07607
8.408005
28.527287
237.35498
10.41077
368.17554
13.458252
26.007381
78.76126
7.303403
15.854687
15.448378
42.872944
1955.1063
10.412461
39.441696
23.18787
40.782997
740.543
146.7269
35.99565
5.6512156
42.199806
128.24536
50.699593
4.8912086
16.350618
87.84949
66.05063
24.751495
20.70044
27.660698
567.15546
4.471352
140.03937
68.61364
37.986202
244.41975
111.54142
55.311188
151.43297
149.92157
77.45057
713.1832
34.968876
18.905144
810.3876
52.074535
23.819782
561.2432
37.25224
17.311047
89.291916
14.642475
172.75938
14.903478
7.383889
105.07682
22.150913
57.695606
36.622276
91.6176
318.628
11.703495
28.364187
48.118446
18.001112
38.133022
169.71902
8.467001
502.18085
6.2509875
37.280636
20.06832
2434.1348
10427.661
15.083204
163.13193
46.251144
18.55993
28.708273
18.628948
18.554285
5.9362364
981.6956
47.203377
527.7435
4.795774
14.7056
326.36545
24.3782
22.065144
603.9431
567.4446
80.23973
100.28986
21.617388
252.76416
26.839127
4.1106887
15.771247
144.50082
3000.9675
4.176096
188.37503
16.97845
15.077609
29.829733
66.86935
28.12273
14.993078
9.767351
9.458251
11.072267
8.215316
221.15161
14.0203905
13.410671
23.112118
15.313528
14.003694
19.08448
309.76755
33.282616
1702.639
96.27381
128.96455
246.43533
8.766288
188.75699
470.67447
266.6719
300.6076
34.39139
372.78397
47.94014
15.246817
16.218786
48.089108
8.591317
6.0163302
420.6277
52.212532
34.445076
88.83118
228.47766
155.06897
205.74916
258.53665
46.07659
25.897078
12.696532
113.43898
410.8135
95.21922
7.503329
514.6438
232.90834
29.900589
7.4819975
17.757889
23.638191
15.784959
1228.1885
202.02011
118.70709
259.9518
30.153551
755.6813
12.363924
430.59024
163.15712
28.299105
5.0837297
37.98699
20.636292
106.063324
5.831789
90.25447
64.239586
353.6965
11.752032
30.323694
5.349531
460.46155
268.32755
121.516235
15.571253
8.030095
57.3935
18.283642
207.7333
504.71155
47.580166
30.28984
19.952517
248.20537
18.218506
20.742943
17.864553
33.168304
116.94859
954.7798
2094.0312
338.91455
8.751496
34.622597
31.049765
7.401451
34.893356
53.383774
221.58124
254.53595
73.20114
327.9576
5.5985765
13.378197
9.632
83.55177
26.15032
17.090294
126.64927
163.54604
836.07935
23.54982
12.221119
5.458039
31.412811
163.67055
6.1068397
619.5948
30.949684
295.8633
409.6459
250.21803
18.993677
108.225136
16.455011
32.925907
24.672363
428.36725
76.12393
9.19848
350.72455
6.9922075
16.92331
469.91693
248.43129
19.29755
638.51495
480.7589
572.3548
82.90347
39.99079
103.24261
33.56911
31.806034
153.16388
245.06488
21.780142
4.510133
101.22047
403.49228
152.0854
13.00948
690.3506
141.63809
163.9971
216.72954
30.552258
133.5626
17.653452
16.47235
47.853294
122.59972
165.65292
21.210958
120.774574
1064.9667
17.248384
220.41846
22.41056
44.857857
47.374664
337.4302
85.95985
85.49792
1044.3789
91.090775
53.259113
14.995653
722.51514
225.28848
42.630386
34.65425
387.56635
388.88794
78.76328
16.927143
263.24405
19.27375
56.106102
63.69142
34.06003
154.64291
20.409866
18.288935
1216.534
13.98811
1990.1853
648.0983
13.672552
20.226484
19.512667
128.24756
10.867648
8.615466
21.69453
1264.6232
393.18054
161.67737
15.014725
145.21933
147.53766
493.74854
19.520805
11.376849
490.83563
761.95435
101.395966
71.22347
39.413666
712.1128
37.69523
36.027325
12.728505
82.77367
12.037644
15.798023
1219.948
63.748543
7.687243
58.66611
44.405636
351.607
55.66701
74.72421
737.0958
16.079693
285.8024
16.44019
13.275397
59.030426
654.509
13.864
63.93555
595.9315
12.020426
8.839598
40.2349
1236.3124
382.14545
41.236023
25.347082
3.7739282
535.1887
210.31644
323.93884
50.16526
31.750294
49.529106
4.2224445
66.305824
13.824705
245.60231
17.334158
42.584988
7.08265
321.809
231.42941
91.49767
506.25586
25.533777
261.65332
2181.528
41.584972
14.913366
16.010117
20.5868
1267.9695
45.921112
23.880678
29.308037
253.89325
379.38824
46.84666
46.758762
7.3014913
8.219287
50.723423
51.99309
329.40656
153.91592
29.804028
538.23755
9.9821415
13.244844
4814.256
20.405088
1330.433
169.3327
19.05495
56.086735
19.791029
38.66789
1030.931
4.5411434
10.641384
18.198065
52.035366
40.60384
148.0063
27.300701
609.88214
26.705084
10.954587
54.88999
36.242134
27.48965
64.31894
18.612518
11.81709
216.26962
825.9097
135.14455
42.86967
15.870367
12.77468
20.200022
85.44135
2.9477875
17.435453
5.834841
73.04668
40.20113
695.33386
66.12343
15.00674
7.1624556
5.127739
27.717968
4871.13
69.911896
33.581734
8.134402
11.84664
19.550386
141.21352
95.4843
5.60227
24.79697
10.38978
167.98067
29.510414
3576.1501
16.304314
1467.5281
11.546219
10.7692585
704.12494
42.580074
11.746315
15.82758
72.96253
9.022547
26.816483
183.76553
31.141695
293.1394
9.572685
674.3036
9.075053
525.33075
37.23186
51.540432
29.327656
554.2345
207.22992
633.91644
165.87076
21.78692
25.229874
53.60277
19.353882
53.321537
192.73099
22.783306
65.98345
375.84015
18.282923
258.24008
63.977695
23.78296
26.577806
49.806248
75.50632
350.45236
10.857439
16.449736
201.52394
412.08643
12.978813
53.537518
54.280457
36.044308
650.0259
12.862229
373.4492
15.804834
231.09384
128.90775
51.794773
300.867
16.207573
13.611061
724.2478
12.352722
14.770655
2076.6082
580.8998
73.28982
8.422923
23.72108
165.99419
46.46328
437.83554
26.958963
11.814394
170.97945
51.702644
1451.9448
128.264
155.35101
147.97165
5400.7837
26.856089
42.3496
250.05428
25.575005
168.05582
1178.7736
7.2266474
132.66592
56.275894
54.60065
19.825302
1493.8337
429.40677
422.2812
928.1531
440.49295
162.13586
51.57489
292.2356
2.821628
8.07846
1100.517
5.6559587
15.850526
66.329544
27.695217
29.90359
16.127584
74.43193
50.905464
7.4783273
21.807583
12.982542
40.699562
7.695952
15.924438
29.329845
26.052052
61.149067
21.963865
467.42047
10.918234
6.0718346
11.864065
269.55145
167.96329
24.399174
6.9118285
1896.6735
351.7497
337.2531
48.843895
527.1937
1268.2937
19.787212
19.490704
242.43153
104.424835
183.39368
12.9598675
834.2152
337.22913
40.595478
17.193039
17.217451
25.442253
138.37639
89.82204
189.25034
22.577042
87.23919
20.78414
8.39267
199.9425
216.81976
102.45719
55.524044
12.863913
23.57642
63.314823
1335.0327
14.954565
26.032408
30.493567
42.835648
10.700283
15.979981
7.2131767
364.29276
5.8688936
34.715977
137.24461
13.125568
117.36037
10.863947
18.5702
11.398143
7.2328167
296.56613
224.63565
456.157
1299.2783
6.2918234
9.727558
1056.2745
8.673363
102.45123
7.4753985
228.65477
10.972825
102.943375
417.8675
12.483469
673.613
53.337418
12.058907
35.506912
29.199392
3.5090969
66.526344
11.981466
136.33952
575.2844
196.92908
298.8065
66.63835
32.954967
83.231316
198.5569
1989.1483
127.132774
17.564909
31.282967
66.71695
21.576319
6.43707
32.929474
278.53726
20.160015
5.4813275
1179.0299
4.703481
189.74478
14.253564
126.256676
194.84343
362.3144
1286.7014
45.615707
22.58326
19.67365
301.44388
1654.9991
16.880953
34.05173
27.928396
128.16667
939.89124
71.74256
24.61696
275.6118
21.893635
497.53992
372.91943
423.56097
23.470125
181.02422
35.665333
28.930931
5.3553076
52.805843
2805.3801
30.371904
26.798996
121.34768
11.855865
17.502142
303.19653
9.788839
74.7786
56.36968
55.08423
235.61795
1276.5532
14.546373
347.53564
20.774796
406.07288
14.811693
319.19003
6.709054
124.97081
9.093534
830.9471
9.778662
40.730644
10.836277
17.85361
11.392275
25.094421
2569.6497
21.040115
40.776485
170.79309
19.488026
16.469252
29.971025
46.92295
21.610493
42.49077
18.88533
30.150007
927.9327
27.673067
1942.5732
4.509949
115.13427
100.012405
63.75748
87.59767
3.8973873
27.699345
11.586148
325.11105
25.115017
14.696266
16.69615
63.78199
403.57715
39.83562
549.687
728.04407
103.04926
16.013773
558.85
40.26892
28.182245
17.662584
296.7796
754.20105
28.597462
184.01378
16.655695
23.152504
38.919327
74.40588
28.290638
234.92183
260.63025
53.433628
16.092628
126.17747
49.879543
16.592257
240.52759
9.472219
66.31493
131.54704
22.715378
1981.4832
13.1657505
51.460854
18.55993
23.39234
68.694496
38.759514
132.30135
210.71024
28.274603
229.05275
57.760708
208.2521
128.80858
77.079414
138.41295
90.29084
239.74095
15.777133
210.66824
5.8878865
79.76483
5.3208585
276.9891
31.089046
30.462858
14.00935
94.357475
205.9993
239.94933
125.40275
202.7752
125.87022
28.9244
688.1659
11.438725
4.8086033
32.273888
208.15541
9.222805
14.510322
687.74243
211.38237
307.16718
445.90088
573.18866
47.319305
36.63309
234.60603
19.181086
50.002422
213.9155
15.742662
33.676674
41.256535
9.926888
332.04156
122.48758
17.211992
59.791626
285.64545
8.136868
533.12256
76.29472
26.4427
26.844654
20.957047
44.56778
9.916667
14.1404705
536.5161
152.54195
65.173225
34.587837
19.131714
148.01985
61.331577
201.5076
7.6821294
33.948692
439.42618
100.78744
312.34882
964.06396
576.5405
15.793248
41.291077
15.260665
16.57
519.5555
13.876646
149.95016
152.13588
549.9964
26.20598
37.050648
55.87223
46.90938
170.11945
26.610815
25.981699
18.661972
20.39998
5.3575773
22.370375
32.969734
112.782425
74.28461
8.052424
499.44983
17.502367
97.32509
548.75183
3169.7651
25.072323
13.580614
831.5432
60.995567
72.048874
57.881775
15.004457
285.48804
6.6140466
610.64685
1041.1101
6.50297
167.34811
90.03391
46.981216
1305.4144
589.13586
718.38654
216.0134
1926.3948
539.1867
7.0536027
639.0486
60.78869
453.76978
45.98841
15.202677
6.270489
8.276445
43.897243
57.555992
713.6803
18.317314
119.10818
1242.426
24.416319
407.41812
4.618674
334.03107
44.104485
181.50824
15.343997
388.64044
24.73096
34.3476
516.3142
25.211432
437.84723
26.451527
10.357384
78.620056
331.7347
15.42503
23.286224
25.426899
58.736786
21.561113
256.79825
127.60498
17.752018
104.161606
18.073566
149.81252
216.93735
33.07369
11.949051
484.39072
179.13725
9.317748
23.631222
21.803043
9.673359
7.6167717
26.76904
22.097557
238.31906
350.6971
11.707656
32.463787
40.19168
260.00217
22.300556
102.450645
423.05997
149.64574
14.602485
8.098823
14.688063
24.586517
93.775406
11.160592
2804.0093
179.90416
102.48456
17.742756
346.99335
5.7557116
20.609213
355.0302
58.013493
11.551276
15.246591
369.31635
9.581323
67.28326
68.85634
11.669783
54.955673
71.7864
5.0676594
800.2385
27.866201
81.686935
15.79822
22.46555
537.82916
26.193193
14.669545
248.54597
167.46906
45.14076
56.82401
202.13487
31.940645
30.453993
11.327917
12.395837
16.848774
12.539004
23.348639
72.43441
6.9275894
30.630802
21.459616
77.34778
14.473479
4.4183745
208.03455
380.89127
18.796892
7.9432206
40.932266
531.8761
117.49755
41.099945
171.73837
242.44609
202.07773
13.328226
4.1843195
8.954896
56.435623
62.36336
45.73662
14.189365
20.604992
57.01109
17.533901
69.09018
8.727615
49.673203
349.32568
22.156494
41.417023
662.41235
81.877396
25.829342
13.519933
177.59647
729.6859
39.183167
9.066973
274.16077
8.620252
263.07263
10.221452
353.84412
14.629787
110.95937
376.14655
14.69161
118.55475
107.95264
18.073566
17.448711
62.146393
269.8972
14.105879
42.576187
9.909966
282.3504
42.44108
40.48169
17.071953
12.35322
81.83656
31.909225
32.539974
22.569912
1508.4237
68.99194
73.99299
6.7958317
44.475853
78.199554
5.4606247
29.545761
624.85345
171.36266
651.1365
963.3126
5.4606247
44.3867
59.59653
237.78578
106.365074
5.5450234
14.955303
8.653237
20.552303
60.927055
22.259462
34.183075
35.144554
69.12844
6.586542
5410.914
18.419777
16.40048
27.84096
437.5208
53.775
760.0808
139.10046
848.1664
27.527548
836.8978
105.64105
47.45058
561.1223
428.6625
163.52779
86.92589
12.656191
3.713169
280.29532
125.87219
117.32198
16.226755
14.106297
1434.3491
58.625534
170.75702
29.575144
401.34906
9.3868885
85.76165
63.226814
2091.3071
12.693209
78.27032
13.235765
5.7888865
720.86304
21.279097
203.8172
364.58002
36.643818
45.0768
71.6873
295.78967
6.336751
215.8145
119.12056
20.734388
41.96589
35.36261
566.5378
31.615368
47.310074
278.94598
16.952309
32.050232
7.7365284
12.084632
478.5518
17.338762
387.39117
26.422287
22.803005
214.22264
5.3716273
768.0392
41.068405
56.562164
21.659506
29.642574
67.47385
83.0541
17.441628
22.228401
7.9812555
4041.5603
21.192842
789.15466
82.80924
5.420576
47.545467
17.842682
5.680146
45.4355
171.18568
34.593983
57.60239
15.361508
109.95166
32.09395
226.50157
56.532963
5.8830833
423.94913
17.840006
90.77161
14.417853
559.3447
32.866623
20.590712
385.27563
15.378761
11.605266
41.795128
4.4199405
25.224539
5.475841
353.30948
320.439
68.513596
21.297018
170.80524
3.5090969
637.51526
6.063487
23.88459
109.79171
569.2908
5.50733
48.688168
237.65453
8.002556
18.749926
371.0048
42.854374
46.549316
4.2112584
18.032211
120.14429
31.499186
471.03998
21.897064
15.953308
48.925842
55.478287
39.11614
2605.3582
368.37326
7.692637
313.09726
27.942856
895.55176
104.03865
30.416418
25.3943
33.45653
442.73474
22.331947
2394.0247
154.78241
67.73137
63.624306
48.640377
197.03145
206.3483
21.95282
25.69601
659.0217
65.25345
102.38037
306.95474
22.395367
169.11743
215.4238
55.425507
24.89401
97.932556
71.39873
9.156883
6.603939
278.57513
110.35526
525.60284
120.765015
7.7612123
972.29443
57.253387
23.843193
23.87318
12.508232
110.36447
15.076272
15.529876
32.643307
28.306797
231.90741
108.46449
596.3306
547.8185
535.19794
23.524647
445.11658
23.92881
39.643364
45.939434
20.173782
16.339956
28.68865
96.258804
34.41138
17.631407
14.607757
10.906716
27.000614
16.086967
426.8307
40.940765
72.5556
5.1384826
100.248795
20.445658
194.06705
154.11494
10.488796
30.818851
116.57456
92.498116
23.18158
94.21298
24.283543
4673.017
52.564407
123.96771
57.86025
13.735283
987.2838
645.87305
15.842323
16.048065
33.212986
12.193516
313.63098
34.69944
590.37775
47.144207
17.52752
914.9205
14.145639
35.488785
375.55103
14.351926
261.05228
33.337795
252.05225
13.018109
56.2411
574.0294
237.7825
187.11766
8.573241
306.5569
776.5115
48.050438
4.039659
28.187037
41.939354
160.00351
16.083834
8.112089
41.562443
110.67192
19.660265
1558.2755
114.39664
28.408869
242.05531
11.2251
254.39095
5127.3936
27.64125
334.5788
195.29941
1177.8982
24.12051
744.2714
283.9402
19.973616
102.03216
50.595104
47.62847
368.65106
108.62007
8.007795
58.3769
123.176315
17.674349
32.831215
11.45113
107.98847
25.491722
923.5814
242.25241
64.19882
461.81738
43.68634
468.29095
32.601795
339.83322
16.94176
385.96774
199.10832
43.559807
8.986336
7.2676005
3.8973873
695.3531
19.055536
46.098648
477.67407
3.5090969
311.0415
37.401314
117.79285
285.58688
10.167167
639.53937
9.823785
362.64194
106.0029
28.25983
30.346628
109.27052
20.467117
170.94676
38.362938
59.511765
22.671509
91.05091
94.94864
20.471495
62.0921
125.49081
701.5654
23.620035
14.805475
57.435196
27.715118
6.133481
439.19638
66.411575
11.450974
69.107216
5.7652984
302.25104
68.22003
494.08344
4.3775535
6.993503
1703.9353
91.55026
15.238429
9.345467
44.607834
76.93514
56.193947
37.31753
560.457
180.7982
167.00851
89.24028
840.8134
97.81882
18.424078
78.9216
88.31705
16.324945
11.349938
791.05237
41.17089
146.7269
946.4439
27.68775
106.40053
123.19599
269.09003
490.5815
6.4237146
174.21086
11.788862
27.879837
414.69055
6.7280874
6.806143
13.200373
44.197308
85.91342
393.9494
134.20453
4.5187225
10.123981
110.8349
20.71157
41.115623
25.280388
30.431528
39.973843
1048.475
114.30847
5.544546
48.05683
51.222576
251.07593
41.222614
672.6443
285.8821
30.372679
24.210766
39.63579
369.82315
282.75812
10.623032
504.05905
6.615191
71.662796
136.4067
477.2426
15.681388
16.35302
215.45534
239.1186
203.38625
55.886112
264.66275
38.47757
7.339265
1306.1829
127.76432
9.063353
823.99365
246.67482
283.36496
29.16238
13.99607
1459.2131
285.18216
110.51314
41.559757
114.68376
85.4627
942.532
39.0672
9.539403
8.505536
187.69807
524.8135
2426.4062
867.2096
42.624928
7.3193502
214.26646
150.77972
245.96622
11.72916
177.9642
889.1861
12.669122
79.52766
375.582
15.871654
22.600788
459.9509
17.596947
1912.4436
46.816525
7.843929
12.961098
14.128682
21018.783
38.165783
100.72455
672.4468
1268.711
25.40904
17.971025
50.765587
11.969458
76.90243
18.995691
32.508583
417.30676
589.6353
39.549976
9.421626
1096.9679
71.910965
30.932068
35.57091
417.96252
1077.7808
10.294785
18.096111
7.201294
12.2091465
245.86455
60.43856
31.713978
9.500303
28.307756
37.26217
8.93164
23.977585
1107.7456
13.476782
62.48424
22.613293
67.927956
527.54706
25.541496
1124.1256
225.44872
34.46358
59.821255
130.34676
11.344701
56.251026
5085.7793
539.17725
1596.6611
8.563109
176.49788
28.79378
379.23087
50.944923
6.2201757
180.04663
9.116915
17.817959
260.19278
369.1339
12.137516
50.756
24.592762
100.98978
3942.9597
288.88922
32.375656
118.49728
199.62006
5.3988853
40.727234
650.04974
6.271633
32.903065
46.037327
139.8744
31.645254
110.83209
22.910725
15.07087
14.682359
71.2694
158.65575
10.424707
139.41055
13.346418
8.177609
522.2059
15.285004
574.9839
81.99835
399.72452
21.619183
171.91707
676.8905
29.331781
22.423105
355.24426
10.092905
58.383667
481.8663
34.261272
50.052338
1312.5706
64.4737
373.2802
60.489567
13.497091
19.989838
799.15247
384.25296
1152.8518
81.473404
109.20682
18.34183
400.278
163.03177
17.023361
37.673683
140.1681
33.747314
25.556799
32.26597
5.9130173
284.52353
71.59015
267.47662
28.977812
266.65015
828.66833
365.56216
314.8318
11.185974
107.1268
120.3254
7.7486396
29.119692
13.758715
24.884007
267.21948
54.37733
21.795803
362.07935
10.432947
224.35721
13.4647
34.903023
310.02866
48.17755
33.789455
2626.685
3.4980578
47.648346
168.7715
53.167183
183.41528
13.523363
21.22729
61.311638
10.637022
372.36682
78.81502
91.367966
5.9640117
40.315975
14.445149
43.964382
1322.246
46.985733
57.396263
556.2896
84.50087
286.4379
39.881435
22.818054
15.476893
4.6251793
6.454967
16.015888
77.085365
150.8646
90.81209
12.28447
11.077136
983.7912
39.364754
4.484648
27.637665
28.618872
11.682204
396.46558
107.12108
60.714764
240.50133
29.93305
12.507126
168.07169
58.944244
84.37754
32.171963
34.14471
70.87925
8.844808
10.268398
31.584764
447.50482
82.676
302.97815
176.41727
45.657623
12.364529
17.60386
17.48282
83.13497
146.8265
78.21003
15.9516
10.460318
117.19595
689.90857
28.17358
63.94372
6.9589057
124.67392
195.12906
26.636827
117.44921
24.635519
26.581018
30.108501
176.06204
200.31898
25.816221
37.681202
46.118862
28.460493
22.964981
395.41586
22.313969
66.423515
108.98661
646.4375
110.09105
252.64113
1270.7278
83.26212
199.25725
14.758338
52.290863
8.569949
20.638176
32.40918
428.07666
32.7276
13.763164
9.18107
16.02499
95.05646
5.6857543
10.09846
61.06093
48.62753
128.44315
59.40618
33.618378
314.9414
1700.2393
270.67822
11.658418
99.56574
24.550728
120.21701
42.81482
108.49609
18.785923
6.592189
101.89116
33.496628
9.429968
136.75989
54.062057
56.411465
294.34918
210.41164
83.20175
22.89803
1065.6099
753.88824
30.323174
146.5069
1147.7119
12.528488
5.844366
164.5538
48.035088
33.2398
35.176434
46.939262
1721.8165
21.12141
83.052
462.90143
47.321842
23.084564
19.129478
635.7118
105.2021
20.983912
50.68509
80.92291
1391.6495
52.555862
57.025852
27.648428
27.773628
9.613461
244.17628
128.36687
11.065147
9.345123
6.2303743
27.935183
11.337068
76.67204
18.317314
33.891357
47.63097
21.28041
693.5871
27.449787
16.864304
12.026947
105.88257
518.83527
11.37916
76.633224
43.49724
73.61632
23.771378
35.533752
105.21073
23.627155
428.43118
62.363007
7.069668
5.298641
133.63167
49.975582
722.8453
68.618904
52.48938
171.27998
8.775617
31.17013
328.74045
52.82277
45.156013
101.777534
4.995347
525.6031
265.35132
571.58514
369.58356
2929.1182
577.82336
23.998066
74.81113
9.557572
212.16296
22.788174
28.657013
52.391647
10.536089
10.885946
2.821628
144.07336
1339.6995
783.7467
393.85907
13.939709
132.33377
267.81113
343.45023
252.11763
54.204826
219.37369
442.87305
15.024877
18.408316
8.955534
7.744015
74.80992
39.63769
17.515032
218.44208
423.51956
23.83881
15.06249
672.984
29.72525
37.93477
9.151543
301.86978
172.6138
49.77549
150.7719
38.13974
219.27184
236.49783
3.9494493
45.311234
168.08179
156.41177
214.65732
27.172043
32.866623
170.61255
34.77339
41.930748
687.60144
9.2715
178.98058
39.00184
29.311516
13.577059
15.551411
135.40462
8.413522
304.7701
17.983692
47.44627
29.063643
74.13652
38.371685
623.99567
157.93874
47.296318
299.2621
72.39567
6.8506513
401.9083
8.282614
37.196983
318.9001
32.156075
922.27484
11.451889
153.54764
14.708254
9.433633
101.680374
584.3338
108.7193
8.914618
18.014387
639.35095
274.70737
206.169
279.78696
79.32776
22.538433
38.48224
8.692552
7.419051
97.0146
404.56018
269.11404
80.85611
444.07672
96.45329
10.757726
788.2502
15.355807
350.06088
16.52105
7.949069
6.8937097
6.5395427
127.66901
198.42761
40.640656
138.52869
20.343552
9.879056
7.54171
80.7478
14.549883
192.61273
128.80858
2228.3992
654.04346
35.141403
35.06456
222.23622
301.15295
15.325607
67.11507
403.44208
69.8041
29.171309
56.47797
52.961964
1344.2915
157.08319
5.5367794
1429.241
58.67999
214.32307
333.3944
50.914337
299.3954
13.842027
29.515804
49.833687
17.779753
1699.0795
1786.6705
424.25916
25.27815
393.03152
59.35425
145.10658
6.3905935
18.877052
2413.7932
27.519712
576.72864
11.660405
41.26117
83.40227
38.646267
38.74588
47.421806
39.324608
2088.5217
40.30716
49.083035
285.6028
23.296803
34.809795
69.936165
1518.523
29.772594
9.170587
75.03145
105.51816
18.332417
199.87378
21.840958
32.27741
5.328596
31.40175
54.364784
25.989065
2445.8264
630.0381
708.5678
92.078125
19.54149
200.12164
212.16093
402.81696
29.774546
21.327332
37.962173
30.096487
10.675482
191.892
281.54294
5.9130173
147.8997
22.289627
291.59445
489.7749
366.35284
7.056941
119.31373
10.014438
197.08878
14.659665
6.0312896
10.329522
9.28203
21.388224
446.42255
12.6871
931.44946
80.825195
11.370997
633.92944
16.99719
19.392403
1042.9028
183.46426
20.73869
86.6518
10.35404
256.56262
1106.8047
398.2626
159.10614
636.95764
202.48747
165.89796
133.2248
10.323931
13.457033
165.10736
768.24066
17.387926
47.497826
449.35162
72.25362
36.41667
674.69794
13.270998
28.657688
32.213478
655.0769
20.736662
8.405918
22.267834
10.449572
493.01147
12.679858
1068.0995
412.38324
304.4327
14.184586
5.1841235
60.0083
738.1897
74.2918
1219.4199
238.95117
33.05499
3.5090969
5.896227
345.50363
36.585537
898.77185
114.31256
117.39803
109.20682
322.39664
105.35959
44.2507
66.219444
121.49138
18.708693
10.8428335
42.416073
38.187675
33.63359
431.7424
183.64432
19.081158
20.765556
649.21277
9.998555
76.114204
152.0783
46.616898
17.459394
47.742188
197.1712
203.92026
35.449486
37.73294
5.661331
30.762598
107.92381
23.793991
69.415184
30.467726
17.408297
30.263767
10.341209
137.3937
12.176994
8.548108
33.55658
457.30408
34.726894
58.556553
81.604355
28.376749
90.353546
321.6864
14.744636
20.435892
32.826855
291.69598
462.99103
17.393751
304.19794
146.1261
4.8510876
52.618988
241.35146
927.8495
33.127346
10.172743
35.163876
22.87311
20.619255
51.47866
99.20136
38.18398
261.3923
26.612148
433.47952
768.1586
276.79315
20.603765
152.82071
14.626767
13.090343
14.965122
1334.4097
13.472535
590.5734
25.604633
433.76425
8.322476
7.74868
11.086634
444.27115
280.89218
64.49842
54.25321
12.671894
7.3851366
63.470314
199.25145
26.969364
214.81335
459.75772
10.089529
16.559305
20.11474
18.07806
29.688591
13.758245
34.38694
678.6347
35.675716
144.25229
50.83661
645.61597
18.903774
47.11088
176.43173
10.649757
13.461804
31.27313
39.576607
13.491584
19.770006
1708.0018
123.09986
10.985507
136.59383
861.9442
77.4461
21.052519
903.42957
166.34091
16.983784
506.9308
8.708663
9.003007
15.495487
51.866222
236.82498
35.258698
75.753426
9.753978
406.8109
29.204092
16.746458
213.24597
49.25184
70.77263
332.73926
37.604683
44.157494
3.7097597
42.5189
8.500821
31.73244
10.053389
394.83896
111.89375
402.9251
101.26599
2457.6316
24.893066
29.383858
261.20816
34.386734
13.692411
15.192941
28.112694
8.032322
478.62756
16.581436
344.61316
52.8634
77.211624
90.51793
580.8247
331.70404
15.717347
42.823753
492.6733
12.668294
216.04369
109.36806
208.28896
34.79758
579.0237
146.0487
12.837224
46.167633
246.42981
780.9015
75.64185
37.12798
26.327164
22.987808
13.6563015
48.09859
157.3401
103.969574
226.62549
62.812695
71.76257
36.46439
13.996573
24.471851
1131.2482
593.5199
50.573227
80.4935
21.565659
109.052635
1162.5938
22.953426
77.81653
13.120834
10.610859
9.162348
64.083824
154.97014
460.77124
184.92648
13.277625
25.308405
38.515797
60.0765
17.560709
43.178787
23.600075
100.41921
5.7779274
74.656685
36.039265
13.299644
733.19946
72.22062
25.463385
8.706521
222.3984
38.19965
141.70755
12.724543
7.4859586
7.102284
12.297266
8.437945
76.38587
69.07378
36.832268
17.82227
3.8801532
89.79099
412.34332
623.5204
84.044174
136.65376
1429.2805
28.866049
95.59391
209.19942
183.7637
72.04259
86.20494
72.68678
94.092575
786.6957
21.813896
6.27296
22.897259
694.0572
499.32126
1299.3849
283.57947
283.48944
3.786287
18.258896
160.73503
2516.5115
4563.748
270.2553
49.017426
6.8569465
7.6678677
360.04657
117.13377
74.29031
192.82843
18.322475
14.9665
50.04489
298.46573
23.94978
319.30893
666.6117
13.116677
7.71339
60.05699
8.667604
65.26409
1140.4453
7.2070622
49.146267
46.31257
64.451416
20.571354
26.045084
86.865395
47.772827
88.8172
191.97537
180.2411
111.77409
130.40999
40.84814
14.8725
3.8717847
6.06215
19.9086
652.3382
41.441124
21.060732
19.520792
63.912323
193.1879
1464.1101
20.051771
25.098818
6.1138663
5.8204923
71.10586
18.496288
210.5164
219.39848
73.74234
14.998903
9.507926
71.649605
96.14339
30.648422
66.22677
28.373123
20.313416
8.582101
219.10565
26.669529
46.905277
35.215027
30.315437
83.52835
9.143696
64.441734
32.737232
38.099472
110.8664
26.43719
374.08972
9.487543
496.49002
13.578438
6.602152
3.926341
93.76637
13.294576
518.5748
156.54654
176.47937
224.04675
110.70797
584.53894
118.399055
6.992575
24.026737
22.862598
270.1829
6.023604
