128.69923
12.207612
245.54424
27.63491
55.90245
16.790314
35.447266
16.968796
96.09531
7.601692
46.083515
32.723495
746.2971
29.603907
65.40135
17.421293
43.959087
15.038183
31.222864
307.39224
13.281172
162.8526
13.229263
67.5531
76.15399
10.995085
20.519001
58.561832
50.287968
19.065712
12.046778
51.180058
18.793709
5.4007688
41.72742
34.48426
11.389122
66.99701
72.36164
216.64677
489.22824
709.0393
24.36584
563.9003
206.00087
22.050497
690.4098
126.34719
32.805878
12.992937
46.47744
15.16279
1280.0867
32.86009
6.782077
35.259117
521.68396
11.613466
35.0508
584.5997
11.538401
355.41608
57.489803
29.752413
146.33939
15.057018
71.25806
99.03226
303.7089
37.133274
121.63334
5.258036
18.386976
78.85344
41.75373
926.2484
15.30386
266.02188
53.258263
10.283789
8.041069
5.839483
8.828839
18.666792
1149.3784
796.4249
12.884823
221.73566
24.477022
231.36696
381.81177
32.66156
8.327785
9.076075
324.1564
30.181717
45.686607
13.832483
13.569422
23.73446
5.9467206
431.7702
570.89844
48.053944
67.67423
13.14905
187.27567
7.25321
81.08483
104.56849
23.13065
9.770922
416.61804
37.659557
153.70236
81.09504
622.1388
6.158869
89.50728
23.17528
16.22475
13.106977
9.093042
488.9388
23.926334
150.75687
34.445854
143.57321
117.46629
79.18701
31.385712
13.850881
102.90048
55.058914
211.90887
116.19003
17.41941
12.732575
11.953972
55.84911
144.7653
20.491726
11.031162
159.6263
82.22996
66.20483
304.84918
16.811493
6.081814
37.347107
403.60156
698.7623
124.85472
90.005844
311.65167
45.919308
7.858687
23.912224
22.517603
14.919561
128.0842
336.89886
55.186184
452.771
30.742655
25.338514
27.41092
43.513004
385.48145
3066.4578
359.37573
10.207463
18.792639
5.8187027
347.1112
90.44135
1821.8069
13.766002
19.217743
5.0282145
29.162422
16.558899
65.887215
8.675301
315.8651
27.124638
26.826746
246.0861
25.426912
141.0327
17.936962
15.044692
10.21146
60.242764
106.04036
142.88954
6.320768
17.090813
34.868805
1121.0829
238.42262
32.26238
13.155184
8.320078
813.13
32.577747
25.526339
89.61754
653.44403
156.05061
16.612978
21.402721
44.874874
71.92743
17.22715
38.776783
62.51983
621.4278
25.767605
20.874702
58.817535
33.84928
2759.6936
41.007294
63.510155
72.22936
144.49792
16.841375
40.97037
10.9478245
149.24881
31.639927
55.43008
11.299688
32.256145
6.096773
12.362768
42.83293
282.17276
79.97647
13.721837
5.728056
31.39916
27.032034
6.628303
20.839052
14.008632
307.27603
187.10838
11.409108
22.529106
111.67261
597.1185
525.55774
20.011234
25.861963
112.39459
6163.132
507.9061
10.6768055
718.66064
42.623547
22.956352
17.733744
24.538563
14.020433
27.868666
7.2135973
67.47188
16.062431
123.80071
507.10098
33.331905
788.4626
28.288048
37.067482
33.305546
19.19703
22.754913
247.87785
6.7687063
44.42315
117.828354
578.8274
194.02023
253.82727
8.631966
14.777366
11.941899
39.99797
26.093788
16.13927
119.11704
423.32837
19.422132
10.889627
192.0216
25.009802
32.402256
20.6302
41.803387
42.220104
20.321432
154.70981
9.166315
17.020475
117.11869
23.717825
6.0604315
198.83365
72.7596
111.893486
104.71898
6.9871173
5.5777864
565.77435
71.50622
12.591631
768.6221
29.377876
16.266857
119.984955
14.515889
81.73294
24.029453
16.018406
113.314095
21.406855
44.84083
8.746905
23.078688
12.69705
7.209459
5.237672
43.03153
268.21292
120.633156
290.93643
27.159317
48.263107
120.19598
9.913983
634.0691
43.990707
44.63738
45.291428
76.21673
25.521568
31.856806
85.22484
11.315626
58.842865
32.564594
38.81131
4.3408494
458.22675
225.12933
184.51733
24.742403
20.884882
10.516745
297.31305
46.603783
5.066279
386.465
42.580673
6.9184256
15.307089
3.8594794
224.79445
273.91
16.877258
8.244103
37.711094
6.381264
38.126095
14.248926
16.449705
625.102
352.17413
37.52943
38.510406
12.752216
851.23956
634.6944
20.171618
99.00001
340.7588
61.707092
8.834595
26.30478
83.87667
32.624577
6.4983206
90.96629
919.85223
12.58652
89.17864
14.079242
13.354086
405.62585
28.931463
227.7339
55.664677
42.692238
125.34751
9.393903
23.037308
102.89087
418.47305
6.1948175
145.91435
25.4229
27.933004
40.041862
36.380608
649.07776
52.266884
6.9560866
24.998613
4.038441
14.1293125
7.234322
67.0064
402.4944
47.15743
27.564535
492.4363
31.976854
430.10248
6.4978046
47.570343
42.75798
228.04947
13.474103
19.821827
5.2068424
328.1314
25.42381
228.1949
6.7629213
349.21445
16.450748
9.1556
114.197495
125.36012
14.894341
46.897976
15.884396
218.98668
541.55365
147.00255
413.75333
34.290955
344.89014
30.826914
20.575563
12.467125
46.84687
53.97592
7.9435654
13.734396
10.593081
17.395336
24.16864
58.304768
406.1178
20.555832
467.11075
20.562366
33.342762
12.471533
45.57589
17.150023
25.421741
9.051392
4361.9536
24.434137
148.35748
23.130203
424.58173
30.303038
23.420578
506.5473
12.940786
22.710876
1242.5623
240.01054
480.34506
9.810425
13.085804
19.498316
7.593184
273.9254
91.41582
9.53584
70.63639
13.266278
48.57789
97.64351
52.896393
1104.6251
12.730572
7.970141
18.930096
53.868393
1758.1582
24.943275
5.6836596
19.061602
67.242584
13.233677
266.42203
4.248143
6.0083594
661.5538
207.58597
710.73926
429.23297
7.596612
6.037586
201.17572
47.239113
55.605755
43.930965
49.20829
103.776054
13.194051
20.769928
15.938329
236.72112
57.656223
892.068
185.27715
37.711716
10.419315
2617.025
354.708
373.2756
1511.1465
12.838014
26.266624
171.3589
195.86801
8.605532
52.85755
275.69263
177.04222
440.34363
114.45551
18.935421
14.720972
1020.4228
13.298513
12.247402
25.905903
13.153769
98.994675
1052.2092
17.621183
23.608234
27.655193
152.75375
42.013306
67.87136
14.272158
6.3469477
32.042034
23.432178
18.902035
17.994543
408.3626
18.118048
427.71613
20.92978
26.32124
38.29631
1022.2398
13.45471
104.139114
54.74988
19.744461
11.247898
25.936771
15.172286
57.70089
62.325222
168.49683
10.661732
10.128427
864.63513
23.690855
119.33489
38.20761
6.790905
3.11194
16.472687
121.83569
41.435936
565.8302
25.242111
282.14908
102.94544
21.45783
10.80678
1479.5586
7.0453615
1615.6238
52.03823
38.98646
6.6788692
77.87618
303.41983
486.63266
9.166315
29.604866
381.643
75.52289
7.7409344
61.246273
12.16856
11.726616
491.24164
684.9517
162.31526
18.127886
47.646904
56.40794
24.623688
102.787254
27.515232
10.04781
19.570366
21.143051
37.132484
211.55138
27.32731
6.3399434
14.139089
302.53943
76.19154
13.3392
580.3759
73.48284
156.73834
32.811504
69.84479
1412.9678
84.4914
19.037663
20.317081
680.7777
84.63451
332.06833
7.528683
180.94879
87.171036
18.919542
61.691822
19.725508
21.76966
18.288372
51.375065
6.165779
14.740734
53.336197
33.77473
118.08298
14.243671
25.215094
21.855417
9.289639
10.2665
153.06575
12.808404
72.01144
13.112606
19.449793
9.546607
38.494736
63.11759
16.588535
45.54741
390.097
7.4066305
416.41287
424.75812
11.2891865
35.645554
92.1509
42.150578
497.59424
19.167412
37.802185
320.75116
39.386253
44.820652
47.343803
54.821644
82.37457
12.738572
21.468904
2394.397
467.76605
354.83472
18.597378
17.795437
37.49554
629.14795
145.36392
83.64721
25.959482
23.595343
94.42427
705.8966
8.399402
1053.0093
8.616383
509.0605
25.657982
4.6595044
28.206438
464.3683
169.487
27.627356
33.55943
40.732983
565.245
279.89316
122.109924
47.797035
44.46752
3.2113128
628.3475
14.367247
17.58688
129.78764
45.896553
25.177536
115.19583
501.4986
30.127926
374.39148
6.127697
4.4432445
9.666686
6.348328
1258.977
199.07889
10.994473
57.102203
650.47546
137.30615
12.505825
26.650211
12.5051365
490.46432
47.651413
11.920778
21.796167
29.689447
18.413244
1350.362
38.685085
316.05963
26.517714
24.013113
42.135204
50.235313
18.313492
10.299689
19.435255
30.771025
620.71643
17.391712
10.300344
17.398094
45.774094
19.291174
16.040058
16.71554
11.561581
80.2772
22.65184
82.66882
40.480476
1932.69
46.798035
148.77757
11.2598
10.691593
38.677174
22.68238
12.317569
20.133299
23.655794
12.883888
416.85153
41.347187
25.524002
67.66687
24.565336
21.485622
36.276314
25.484575
406.60242
15.740745
41.662457
224.67357
32.540882
394.99432
136.203
198.22021
12.342695
266.0157
19.077187
240.62292
494.52634
1413.8533
80.53535
13.053932
39.4862
150.35527
7.606674
654.873
4.059197
55.052402
12.869055
232.03206
60.23475
89.015755
49.531773
205.61597
19.371563
131.40103
234.97717
1393.8152
40.112762
7.2149734
116.957794
58.248188
655.9724
110.88913
341.7224
33.1227
6.582684
6.0094986
14.062136
13.231665
463.22113
603.93884
150.84676
157.57014
113.2826
22.588058
166.94794
29.77314
265.2443
24.296062
31.085325
151.73727
10.854504
11.019985
26.287493
177.37177
178.37463
28.010618
110.14214
224.89061
66.14875
11.636837
15.113139
284.62137
98.543015
29.75401
11.794172
612.10596
132.984
316.77496
68.07663
467.95367
35.629562
83.89651
43.056343
547.5289
19.862413
20.694794
11.486553
42.91001
8.671029
30.616062
18.260206
23.012955
106.135414
3.3258634
199.59872
15.071683
77.411285
19.77019
551.9079
108.66317
85.20969
47.52723
12.747107
22.166504
120.50863
6.919596
8.533807
1264.3206
667.0626
171.4542
15.95648
159.16016
18.557741
73.383606
186.17374
33.323364
14.616849
7.104039
7.0426316
122.41144
32.88715
42.114555
591.45636
421.51715
5.3516645
22.45792
10.388027
17.5926
7.0366387
258.753
28.703236
40.14907
52.091934
35.26555
36.17911
125.02409
12.296809
16.968815
172.24579
185.01962
51.15217
12.232907
26.311062
213.83156
17.679895
99.63332
6.583987
63.773384
35.328125
37.531246
3661.033
18.323944
28.165648
10.00747
64.77844
141.5006
32.93463
56.3254
12.000146
27.252655
635.1131
77.07309
23.755419
14.868459
52.191383
165.9945
29.112188
198.52756
30.90419
5.911052
62.740257
10.934033
339.1834
122.93784
27.036293
68.72664
814.74225
347.80554
1160.6085
479.10754
40.188683
68.307755
181.51233
38.012867
85.47191
39.02738
17.110031
38.53794
14.375786
703.95105
299.45493
10.297313
95.54428
1495.9886
43.80883
582.3636
67.05307
184.51892
19.918148
353.44345
276.02948
173.3813
91.283615
43.43719
81.350075
424.02676
56.748653
32.745426
9.559074
22.567963
116.552444
14.259196
164.16516
456.71307
353.1089
440.1612
35.24698
4.8216343
14.43394
274.86462
147.85126
16.258064
171.35791
28.71355
30.414062
45.23285
605.00354
10.67654
122.36971
19.22271
114.36686
630.86206
4.70263
1424.6305
15.967204
57.638245
23.299507
157.94077
775.45874
129.35428
241.57703
6.9560866
35.32864
16.049263
65.62218
11.054352
222.97586
29.071938
16.852453
88.83232
266.9243
50.0683
442.1782
8.265824
291.02493
357.7499
35.71643
16.312729
21.135859
45.091484
60.21522
10.135447
11.727697
26.312838
540.36993
38.56192
5.59974
47.640556
31.476933
530.6083
32.24745
9.734992
12.207481
294.5487
2044.5273
12.2331295
139.5002
1003.6924
16.250248
25.78563
305.77377
29.174925
74.61124
473.7855
106.832
74.76516
6.932643
44.291283
27.266811
147.61308
51.44027
580.3795
11.288707
1411.1074
15.576343
3.956114
14.056196
5.484325
346.7016
41.704
342.91888
5.748715
528.41235
433.08636
16.925407
14.255094
46.975563
500.73538
4.124241
15.716224
15.674955
74.818085
8.920035
83.164986
63.180855
49.215073
58.634228
26.43845
17.08006
479.72064
36.649933
12.587168
211.16689
213.65697
327.18973
6.3413315
236.66592
26.599024
481.50064
31.285614
45.164284
521.6419
73.84329
41.174973
9.433485
483.1969
12.461571
45.902615
70.59767
18.247606
28.133379
13.8850355
42.966503
571.11084
7.809104
15.195629
19.676714
127.48584
21.289515
629.02765
24.85535
30.352741
1229.9513
30.553394
228.62152
27.852604
12.37396
333.6253
225.22856
115.48435
163.19362
426.40796
170.10696
355.14502
162.9385
11.764263
190.90115
86.5461
396.03308
81.82946
136.00519
40.50203
50.748184
376.40134
49.0137
106.3634
19.65539
101.85555
9.554585
110.693245
2389.8398
7.336862
124.89962
501.30902
50.259285
33.006386
32.761288
258.3358
252.13628
34.386333
156.53392
13.406345
19.922474
131.30464
496.08725
40.406776
29.340855
463.41513
155.81053
31.624338
327.17554
166.46089
17.006474
1033.5477
20.159592
289.62244
22.403847
44.293587
715.34424
981.5004
15.772507
333.0944
32.396797
12.682636
415.90823
15.9769535
33.571777
7.252789
18.8736
191.0433
31.017689
171.81291
73.82002
66.288124
30.785555
456.55588
479.65683
15.511818
15.130297
183.361
28.998442
47.25325
707.2476
274.98587
158.96645
15.370359
488.73788
35.516945
293.57892
180.37875
51.612812
19.473043
61.76358
148.0509
19.77488
20.047388
18.646687
14.414369
11.307684
266.32498
13.989325
16.727703
284.64334
73.251945
4.977376
223.73726
8.691698
7.026932
52.432034
34.934868
5.318529
11.399836
154.45903
6.6322803
845.9562
188.70677
41.298744
51.867558
4.7814775
15.596075
32.79533
4.5624166
156.16272
6.34938
121.52139
19.545866
4.22728
8.052014
742.629
42.08307
40.36039
8.650611
169.65204
380.36166
30.024666
6.872774
13.539778
15.700714
367.1319
113.63442
695.36865
40.600533
337.98383
48.329468
59.552586
1311.8917
470.2323
32.75707
1027.0876
21.400082
13.942867
63.34055
179.84009
351.6095
8.249479
20.215073
221.81718
50.232513
102.3403
68.382454
11.54637
3.729639
12.311342
354.2292
8.223807
63.531326
26.542957
78.55557
6.6359415
1385.3497
69.00455
466.14218
96.28965
14.33222
313.31784
11.681135
8.767982
189.46442
39.883717
274.64478
496.81708
50.263466
28.27937
94.15599
4.703505
23.240063
164.42384
20.417473
18.334957
9.108645
151.33646
28.934574
59.860577
14.599192
369.9445
53.357704
47.86168
13.757924
10.772674
226.66623
461.44513
75.704025
855.9978
49.641365
42.897778
16.572691
40.80005
8.315372
38.499996
54.863693
17.753977
11.118166
553.4942
5.153167
279.55826
34.26349
12.624222
207.46652
10.932313
104.96775
15.284698
266.60147
35.29756
13.812703
20.848295
16.462082
108.75544
707.68317
6.8569407
365.6706
36.290916
106.034195
291.37125
43.112255
29.235727
5.766526
172.58911
120.37062
39.63465
7.651795
16.534698
3280.3677
78.07574
14.78066
31.103119
43.86318
150.54243
371.7154
6.6177473
50.427338
14.853178
486.3763
382.11884
39.98484
23.424234
17.204893
706.57245
7.797684
316.29468
25.593727
347.3067
26.745754
752.06537
10.954501
7.0724263
15.63081
150.47131
261.7861
34.778778
21.908125
567.8398
156.60185
20.797583
143.4098
80.26579
37.264587
181.35728
51.17896
35.83634
55.41671
99.73628
794.63104
50.29242
50.311317
92.87648
37.896503
120.217186
10.2446
17.010448
30.215384
12.544912
33.82272
28.197947
13.787826
39.663586
79.13372
9.046794
378.8011
42.38812
24.239182
355.76688
18.550013
11.019985
32.583828
11.06669
9.769413
30.98279
96.31464
146.94284
14.552336
8.223807
25.681923
7.181527
24.841131
436.50702
368.80615
13.989551
262.97128
7.538316
16.047365
69.95158
339.5598
99.50157
20.770393
11.483194
221.55598
1054.222
71.4214
12.954678
27.36208
67.90564
14.135917
32.302185
40.716885
45.296307
5.428589
23.9274
34.214672
132.93872
29.976736
24.68888
32.35571
10.747679
277.90195
15.09856
18.246128
96.44235
78.71898
16.713675
123.95471
8.603897
11.856489
4.19057
198.87471
68.550064
13.242515
385.85532
72.468925
5.6451626
7.039071
25.110752
48.366264
4.546107
96.605
12.771038
9.81678
43.127068
140.61423
236.14209
256.86145
13.09553
573.95416
19.85159
40.06177
247.07954
27.92879
25.740171
134.47523
40.236294
6.9999895
15.036541
17.390024
4.1082296
55.473495
25.638859
468.27487
381.9984
76.777115
21.965467
136.203
336.4583
44.492325
35.816032
12.571995
23.383924
9.046818
89.30277
15.528587
45.371532
12.058924
15.323513
13.997695
747.4225
18.636345
335.22427
28.898386
24.4296
616.60913
168.79782
143.70087
38.242878
24.589901
10.900714
13.428063
59.629845
628.2141
312.4531
57.99062
17.120295
24.495237
17.61472
2863.58
13.40369
9.295761
138.23228
36.14758
109.111465
91.44555
23.072784
78.534294
229.22495
29.060995
33.222267
16.522547
207.2569
45.871403
1262.4481
27.794758
35.821968
5.6022806
109.92849
95.98311
474.53638
52.208176
33.53025
4.484339
95.06131
23.701262
40.02559
15.586058
563.2755
49.5026
38.542896
6.3369074
28.33469
21.058472
12.763108
550.3222
25.7502
22.04092
5.8429365
63.048225
148.27565
18.171612
1154.2039
55.506573
7249.461
30.588634
37.931458
12.062929
55.23423
6.521598
42.264038
17.704712
1099.6456
7.4228306
798.18896
37.046886
6.6425953
18.321009
35.437454
160.76906
6.0628443
5.7798634
27.635748
45.830727
29.768421
684.0385
51.918335
60.048115
21.45555
975.2532
160.8656
47.430176
25.444601
126.12116
85.09059
279.2715
23.637928
106.40703
18.270164
90.37608
96.40474
12.755333
163.89977
5.456131
20.319828
1118.928
314.37048
79.08438
159.64487
248.42133
19.944935
454.25104
20.192562
15.755759
14.680584
37.085186
4.1701627
5.3838816
34.04313
26.250736
8.858706
289.07773
28.977335
177.01622
21.422009
346.26825
51.767044
10.136721
27.952366
12.761465
53.14702
123.623505
219.86002
28.458702
9.990256
224.1457
22.237682
18.093044
210.87779
33.126358
40.526016
108.39929
14.839062
41.80974
11.568911
300.48865
250.3585
78.12497
210.75053
393.6043
216.51292
19.549133
48.005917
7.6462765
17.365372
145.04562
368.55017
922.8146
40.32929
88.21419
146.33054
17.498337
15.784293
86.57453
43.47329
20.508636
29.867422
43.253098
266.6523
684.9374
18.146627
8.506281
936.8544
49.087353
46.487682
170.00876
194.76317
220.4234
123.739456
9.827235
21.623173
12.758505
42.932568
24.107574
541.5103
69.72077
10.74864
33.122284
968.3939
22.964325
920.72723
6.810954
16.145802
138.91864
45.802017
13.95109
126.59052
215.3898
218.04642
4.420042
388.42627
4.484339
24.482813
108.75259
154.03046
25.284624
16.68146
28.639622
18.760502
158.46007
48.737007
13.311316
1332.2295
127.6104
5.681985
233.95944
35.923504
23.870716
100.60339
6.546361
7.665877
104.332306
36.46219
571.87305
46.738087
760.89526
64.37162
9.769121
621.04065
154.66385
5.86904
7.871624
180.2112
754.1478
27.441685
467.7703
81.173035
12.964426
11.049995
35.096485
20.345932
26.047619
235.58379
3.430247
36.12622
352.1162
458.26303
864.8628
32.20661
54.418625
14.271811
16.60338
11.020969
6.0094986
171.62663
46.25293
44.624195
45.957905
160.1119
14.359446
810.2639
503.82092
34.292957
51.653114
28.673012
54.840675
55.73793
40.683205
9.685598
20.98062
16.894659
104.105995
26.952028
887.7051
29.234257
7.384891
772.4783
592.2468
33.935173
20.749773
15.768728
135.38345
52.31926
87.45961
522.71655
515.0216
255.49063
34.007816
165.98137
46.761852
77.7279
8.712969
311.61838
22.066221
19.569944
98.26538
41.950504
103.56908
36.253292
15.702429
840.5488
39.99572
572.6196
812.89124
13.046487
397.54272
8.166611
11.712701
582.2981
7.76854
142.83089
15.990481
4.1286144
14.650266
13.020735
3.11194
33.121952
75.019035
430.88293
17.991158
22.644989
10.192872
89.81369
664.2003
228.86475
1894.2286
260.46338
13.107061
39.38017
34.260777
25.276253
38.18384
19.55385
748.668
14.70643
6.588986
35.15064
40.584747
49.482624
33.057102
21.80201
304.04712
65.51318
14.239713
11.276081
126.33996
48.664238
2566.833
22.997028
212.3747
214.46805
4.2821364
65.03852
581.1962
32.62533
32.897095
594.50757
29.272058
37.492485
339.02948
50.715576
37.03974
15.543838
103.55934
159.04523
13.632291
14.219395
253.07532
748.6245
733.1607
113.42286
13.07295
23.201208
97.03778
52.941826
525.37384
120.577835
23.48169
42.980858
213.7178
105.00269
39.473297
211.29388
3.9198198
47.871483
36.29733
94.02417
22.238314
18.446829
84.24037
23.175583
29.023785
18.451433
473.98886
5.383853
19.841124
44.900024
20.71863
77.20562
77.48788
72.130035
12.77457
93.59395
14.9204645
16.723236
92.74548
49.158794
183.84828
22.605524
61.612476
26.04499
17.86914
61.76956
241.49237
56.04602
48.49562
21.807114
19.479074
3.2767055
23.52354
16456.693
5130.6904
438.17786
268.9447
351.69586
17.29843
479.19025
264.4894
69.977264
50.62241
32.901825
6410.0244
857.0883
385.7238
7.6059904
32.584732
25.594355
393.98303
19.469334
544.8741
13.705002
6.7084503
15.474469
7.4032793
20.568779
225.31299
7.464903
13.606051
7.677706
5.032911
7.32313
46.43895
21.58522
268.1904
9.038343
19.80672
16.989077
35.06531
177.87173
8.182551
582.81195
51.701572
15.488234
14.712445
28.49533
14.829502
41.202873
584.26807
62.39763
37.523426
10.949456
14.160159
11.16857
17.909779
25.948053
122.02133
77.188354
54.626614
705.4292
15.828936
906.9754
19.493008
152.76913
22.984913
271.7542
196.05762
90.91282
17.754469
52.885548
8.0317955
30.52192
23.297913
227.47452
17.866215
526.3909
163.77219
1022.45624
8.622111
10.149419
19.337578
10.1012125
10.909637
19.143887
62.381058
27.298176
214.27075
24.803238
9.036195
11.862619
21.207676
13.374436
23.059828
22.009323
19.073671
4.37485
25.259666
244.34634
246.60332
42.646072
18.426353
91.02964
240.5604
18.990149
54.317245
6.096707
8.121506
93.975006
19.278465
18.669949
25.380178
208.05885
97.11301
40.57093
17.474052
287.9606
43.04148
17.225826
23.065754
11.757912
7.6202335
19.138365
9.395883
30.749273
50.55735
544.2914
23.617332
173.69046
21.08892
261.80432
9.290516
12.041824
88.02892
97.28505
23.931292
29.372427
19.692211
20.733454
30.479568
20.020058
36.38811
11.426094
15.70642
37.129696
8.232252
30.49505
584.18866
138.79741
17.252247
8.480412
790.7216
268.7192
16.009808
532.5179
29.831669
12.485668
17.166649
32.84306
65.61041
1839.2413
295.8836
99.5487
41.417625
36.5977
30.696262
574.02563
63.333664
14.99754
24.970264
5.39094
43.509735
19.752234
61.50733
32.130093
50.382187
9.018325
24.409107
14.731459
33.162045
197.29733
346.99915
106.55803
41.032555
8.4373255
206.70578
634.09424
111.8571
24.06267
34.77966
13.716411
1053.1364
816.41724
133.28859
386.39166
90.58261
101.69041
9.079161
500.26358
108.224205
10.340939
70.67453
40.028824
10634.475
22.21175
9.442339
37.206722
7.2920675
20.356394
29.065008
47.15661
13.642364
240.01764
67.99215
6.678175
2015.7489
28.385267
35.69743
51.997307
55.008606
78.422966
399.33054
71.716125
69.10297
12.752025
359.0496
28.454422
48.96463
3.893505
301.89484
31.961016
29.337112
12.80047
27.285917
9.848679
3.8105319
32.148422
98.035675
4.6736927
355.72278
157.02875
37.156944
15.766702
159.647
219.23419
845.4787
40.12909
984.2262
6.1179113
41.99071
160.75128
18.172913
11.674213
29.566452
67.09599
37.601437
29.632053
9.321872
36.448368
881.1321
41.943787
31.942587
21.448101
173.5671
5.456131
89.09784
25.222069
676.124
13.59255
30.418276
740.97217
20.043798
39.830807
53.44864
19.474594
6.081814
87.01871
22.991425
28.973211
8.13644
17.387445
17.029556
96.08014
16.98184
487.93222
16.87312
18.234846
444.5303
19.190994
869.6371
8.479758
18.61974
6.9734473
28.981564
1398.6714
19.371082
2326.1665
8.493957
420.23633
9.728789
73.12596
72.46782
34.54887
8.919059
26.07508
39.720856
62.173218
293.10672
19.989193
20.926352
4.059197
29.117617
89.93025
11.660858
235.77135
49.242115
7.2417803
450.19107
5.8607197
23.7202
355.48047
62.066433
13.327372
306.3828
462.89392
497.4111
8509.34
39.40731
36.24555
22.066658
45.579617
21.977558
43.514248
24.222885
14.979251
63.27806
8.761014
16.447912
704.75916
6.6925225
51.55078
7.914302
62.14556
5.575524
237.47803
582.6528
98.49726
135.49957
302.33694
48.528736
31.439793
24.817038
125.79653
51.705185
5.9913654
181.46005
42.32157
3.885065
230.1006
111.05582
21.395777
6.7036405
55.957176
90.340836
307.58536
17.696457
29.425972
17.52015
25.133514
15.942673
261.3614
43.16266
104.74205
119.33632
1542.0316
20.75486
29.955503
66.78857
21.717737
1517.9828
21.699911
104.842545
28.01478
236.34068
239.95882
7.718874
34.118786
19.083551
60.296535
156.03842
24.913776
13.671698
6.156783
18.531685
41.901115
26.771849
175.46037
4.052853
27.734665
210.81213
38.379524
827.0763
74.443146
57.219242
307.37027
19.619293
276.0878
30.056158
20.45345
20.18629
20.121025
68.85732
44.680233
67.61997
5.10287
26.830711
43.011692
125.76354
12.963858
543.00665
417.0577
16.522976
63.328407
3.5183265
45.796394
14.144719
6.0394897
56.62369
14.919333
41.550423
9.94988
463.5296
19.053251
24.994524
1344.6896
581.2137
21.374832
883.39166
131.56523
16.189352
393.5281
244.9122
26.574049
758.2289
19.265522
11.555017
23.271482
107.071846
142.55586
38.00057
400.34406
66.659485
14.2582445
62.882343
94.101135
501.61554
56.275143
483.24
18.02439
30.693388
294.87317
325.34198
176.2133
18.570297
141.20389
214.30469
425.0602
27.729904
1231.2076
232.7497
682.808
24.989906
12.211728
109.15809
395.98492
4.2088556
135.1615
31.646196
298.1926
26.505035
35.052807
352.76642
25.580353
29.286968
347.8744
82.21647
23.362303
95.48863
27.34262
321.19748
4.8416653
935.1793
22.380299
177.06485
696.5372
74.17803
2824.5183
203.8765
60.053673
32.80271
11.941803
12.414949
29.44141
611.2004
18.365683
224.3248
722.7381
24.79626
81.182556
13.595947
183.10909
13.53919
48.01146
656.18616
84.30833
12.120929
71.212166
16.20778
11.979404
380.8139
324.61118
103.46428
122.14673
6.9167366
4.561012
77.217804
25.440884
26.734478
27.280441
10.67993
69.75406
372.16003
48.679474
505.17697
293.0557
9.902687
9.49579
264.6774
47.028408
30.989305
66.2424
3.3258634
300.5031
88.7556
7.610384
17.403355
13.199003
31.733446
533.38904
216.70763
103.82452
218.43198
180.3926
433.7142
26.049114
65.941025
10.675016
7.150937
62.64364
20.589314
27.834084
5.48018
203.13358
27.33261
9.65261
241.18637
24.036856
20.26739
83.860115
23.02621
314.76395
319.46564
268.99356
102.72096
9.800246
32.332935
190.7522
486.46167
623.3016
445.85773
55.645702
51.421154
91.701256
274.28198
27.207588
5.8008504
17.100481
25.046846
171.61508
23.35664
15.876593
18.86241
13.817719
7.969896
26.752106
8.006688
33.133175
13.720806
238.48709
15.9151125
68.949646
21.55553
33.578053
20.165092
67.60276
5.456131
10.500734
867.31384
12.201976
12.007057
295.75186
203.81255
1074.9978
43.80077
176.2586
109.785904
49.517273
91.111404
340.7185
6.9709964
299.98486
704.0759
108.56922
245.20164
1064.1743
16.961414
2381.2563
47.580063
465.18628
79.85095
30.319674
9.354863
205.87772
48.279163
274.73645
28.275717
331.49707
132.82195
1745.7035
178.37532
23.909443
133.5542
917.8937
10.330238
13.585128
7.6493106
11.898205
12.899174
284.17453
36.180706
125.5096
285.32336
313.5945
8.402546
558.1953
4.059197
452.23846
9.130281
22.239199
38.321575
4.315018
12.030745
242.86484
181.9377
339.79126
14.752959
47.336296
63.292
15.849384
31.166615
38.524788
53.96488
19.895367
28.549694
18.783457
24.826046
566.85803
62.220757
63.41586
550.3191
11.150552
196.39296
11.215549
183.92773
13.874489
5.776302
15.30035
61.480793
14.29901
13.881441
254.38548
444.27728
946.9662
26.919424
39.231262
6.578162
23.087261
51.55674
16.318691
751.21594
271.66287
162.93127
59.684635
156.15692
28.499626
25.622782
42.97608
41.637077
19.17408
33.099255
141.79568
288.68927
44.005302
283.58163
13.983378
1262.4481
548.87823
7.905881
5.910198
312.0737
221.52144
16.949068
35.80798
63.977573
32.587467
11.141259
60.696236
129.13988
158.47752
122.3
66.68199
209.37495
755.9109
7.189352
12.070373
35.169216
14.588503
605.07715
30.203197
213.45117
933.2322
12.525822
258.5289
724.7169
662.5002
19.1378
208.11115
1331.698
95.52761
58.34142
207.76689
54.791145
44.195366
19.161066
300.70294
12.897255
24.178053
138.0
57.583855
29.229301
35.611412
278.31808
22.146145
311.12888
105.49416
17.040478
495.88718
341.1441
31.961685
19.651796
22.468046
68.30603
453.973
74.12135
38.23319
34.1168
43.57811
40.466156
14.051124
16.299032
824.7531
29.969704
13.192749
978.34827
338.33905
22.314976
9.2069845
20.408558
13.429069
743.05615
38.686203
18.985247
206.40094
122.267586
42.502937
493.50845
23.463943
434.1504
48.123905
189.45782
493.54376
28.299639
133.98961
18.434708
99.871864
9.581357
21.123154
66.755035
8.743832
23.901674
13.094249
28.137297
31.04972
21.434101
44.417114
417.84814
40.024117
24.268047
514.6597
41.053593
49.89032
517.79034
209.53716
9.114424
647.20215
75.88455
1044.4874
13.831724
523.9853
67.760574
55.93818
613.3945
321.12473
114.25054
43.698402
204.3694
7.013234
248.75893
150.56915
334.0916
49.282753
47.59063
118.01971
42.70653
13.507589
59.35278
9.768066
166.36876
313.40497
10.316679
6.7259307
22.579966
23.697002
22.795551
21.085707
15.776787
531.8335
53.788746
16.020227
10.74864
11.93535
6.2964454
12.034964
19.973001
34.67632
38.11434
30.049517
524.32245
13.157087
352.3979
127.062775
613.46
15.22337
33.565502
18.916271
237.494
42.7752
17.167671
6.1221704
722.24615
185.4815
543.11383
107.04673
15.266368
12.199541
20.392458
286.25888
42.48613
9.583596
17.47261
14.36277
23.307241
392.51367
92.71679
12.812518
24.353176
16.51413
19.187626
604.54846
51.45968
45.310272
37.314407
190.02637
3.9198198
44.874382
53.664265
21.321974
230.122
57.340897
3.921538
7.5195723
38.009014
8.5383215
44.248886
39.53358
14.391146
22.339825
46.369164
117.93622
39.222984
559.365
170.7711
16.768759
15.395545
342.91888
24.605606
35.26386
1014.0129
548.9353
50.810753
536.8578
32.348602
15.037653
27.47599
250.3122
585.43463
159.33041
13.889317
685.12225
271.7104
40.12449
121.83923
93.400986
150.40497
259.31128
132.70445
87.90878
31.469526
18.610214
20.465113
658.32764
39.32049
9.726317
7.822903
409.097
13.126135
14.842381
42.88794
603.0223
294.92844
414.44147
30.927835
79.73437
255.93813
436.23633
216.80283
11.154323
34.4043
101.9139
549.0324
17.43343
66.98557
304.25623
143.88058
63.11693
50.802696
26.406599
240.00562
41.404243
43.887135
6.2705526
416.00204
282.43256
27.651104
10.834934
97.04551
129.57924
17.53587
83.848114
82.23293
329.82635
587.863
43.474678
14.448073
31.325972
1399.3759
275.3274
1217.1428
300.86658
71.32199
20.381084
7.0133476
53.227734
86.56669
37.739742
26.97786
340.84637
63.963207
18.275871
40.6495
20.063694
45.53987
51.64857
11.125927
36.799324
31.371916
557.6606
478.9652
11.1393175
4.3642106
14.908712
47.778942
35.217857
8.030057
43.008286
18.002335
44.56171
1552.156
296.29376
26.35139
16.099693
9.736198
46.102768
17.486288
278.27203
225.77748
43.201775
1027.9672
114.905014
111.562645
2657.8062
24.106339
37.921677
1084.329
139.98483
19.88837
373.23376
10.232007
264.152
15.178538
649.26166
21.839066
126.53964
5.200324
249.46451
5.153167
70.14039
508.39896
83.11539
24.04355
90.86771
292.6658
5.746394
393.53336
7.8290453
25.146946
14.535761
345.23438
133.39923
5.9120893
575.7625
241.56424
267.72888
195.27808
548.189
17.970482
471.6963
5.792691
445.43018
10.939055
11.679466
123.46504
74.27391
33.843536
11.04115
19.144112
9.221171
294.94757
13.887625
83.89495
84.03248
22.347345
5.889511
363.16296
174.38896
17.90598
11.212438
38.47179
33.796173
9.421933
632.4615
18.70668
22.890715
25.034645
39.31842
13.645249
15.599162
182.87915
51.021538
180.86908
55.263603
3.9813075
556.9035
4.9961686
62.143845
9.253136
479.1466
234.02794
60.143456
9.177873
41.768528
42.57934
11.196035
81.63693
17.200472
338.69952
220.1568
35.757057
27.997318
8.679
18.06816
28.601444
15.201126
131.11356
39.20895
347.213
10.556612
178.32285
143.8648
452.22662
19.81389
205.24931
15.550384
18.952377
17.681683
16.666794
12.574309
293.8997
378.78052
522.41534
27.269127
394.74973
12.025674
32.51467
636.9552
9.837468
14.124297
17.617533
137.08496
18.659046
174.91547
7.9165077
10.086441
31.480333
142.1928
616.00464
350.16556
12.381089
6.794313
31.2644
25.85019
18.212536
37.17158
49.16285
27.602205
110.29966
3.2356393
9.915716
6.8240194
12.435226
11.663333
212.97058
288.6963
13.857328
11.893621
17.210154
12.522131
250.72873
1145.3124
262.0235
11.536642
887.6386
159.37881
19.728199
23.450169
86.80676
66.97162
29.004118
204.09224
25.726643
1793.6915
70.342255
44.2326
4.0051074
19.744667
38.77877
175.41838
20.955193
6.9416428
5.3380976
96.283134
416.24115
190.58871
44.240765
18.108494
35.485146
28.105684
49.18528
97.7783
26.868706
18.893906
544.68524
18.90313
608.7345
291.15472
281.06006
34.289433
13.015692
223.21222
12.583931
300.75183
41.711395
19.378983
326.50677
40.890312
309.9416
324.61118
42.661713
7.432395
8.713258
193.17831
9.827578
86.15616
1188.0308
34.1864
16.276043
19.85159
22.166397
22.884663
42.629574
293.62415
474.70227
65.72028
26.561077
49.035393
182.34738
27.648046
9.636872
668.41486
34.20088
103.62682
73.919495
57.38012
42.263954
22.82265
6.5167446
190.3789
24.454052
240.1438
83.227036
567.3188
581.4973
397.65536
8.933246
11.166935
112.46874
182.14351
34.08012
297.4411
332.1008
13.708018
8.009615
6.9705095
31.175192
12.727728
25.899103
5.5288906
134.83577
35.92536
107.31627
12.819078
206.58626
279.11575
283.79333
673.2145
207.71002
38.306847
14.648174
23.924097
26.830648
221.98479
27.407469
11.443346
9.726768
470.57416
74.772865
4.8536887
31.315912
19.789043
55.540833
23.359497
8.602562
8.946019
126.20563
56.80575
667.85956
17.622982
493.76196
798.8469
16.310633
108.94266
137.29901
38.62523
32.013935
22.94616
22.624342
46.845596
233.5938
1156.1146
83.23378
10.996371
18.536541
16.846489
6.754666
15.2654
16.45372
618.5651
23.944544
5.9464664
32.124763
48.609505
5.6301303
223.11742
31.820528
14.361486
407.6206
27.730103
22.940083
93.39502
50.800068
280.11508
5.089858
85.68733
12.574723
9.411222
19.603138
23.079552
10.310753
10.612559
60.503353
248.58829
11.164864
8.068708
12.183315
24.28155
13.712252
25.970991
83.56624
38.9067
34.19319
319.745
233.28291
303.7735
320.1505
21.20381
163.0145
43.470802
1149.8921
1082.9276
3154.3647
31.772406
5.219465
16.854536
26.015408
192.73465
15.683482
446.63885
52.00534
13.221633
13.612791
29.338854
16.550808
5.4329796
17.345655
22.015318
33.495632
26.314156
23.68991
14.814098
14.673201
119.84127
40.78393
29.741491
16.811392
19.718733
139.37413
338.46848
39.21158
208.8207
103.06204
93.21959
17.735353
49.169155
15.884464
33.43552
82.198944
183.89993
224.90714
221.29951
20.502678
118.933266
397.0127
22.01779
120.438484
685.49445
944.1135
20.864298
458.81927
23.75137
8.215388
2064.3235
12.337232
475.52646
485.6125
22.224236
70.185585
3.9774735
189.67213
1093.031
49.536285
11.771791
116.77914
60.772114
4413.476
81.2265
589.9233
54.450798
882.49866
175.45535
186.54465
881.78906
15.224459
61.079594
5.560501
18.521006
40.267704
27.017975
90.63187
7.730381
1152.2045
6.4389615
668.9027
20.338799
5.323008
30.618975
31.800165
254.58463
719.8813
13.232813
7.374686
75.33061
197.97482
35.852924
168.50012
9.691792
15.556561
4.129648
69.41892
29.906492
81.79584
23.017147
124.61229
8.654145
164.95007
219.74818
41.626278
31.073536
13.1349535
81.6696
71.77692
7.888316
115.42908
187.46506
1268.3613
10.93468
19.898626
886.2366
72.38866
422.77283
23.197845
82.17638
344.5233
531.3217
45.046974
36.591286
6.9560866
116.87089
27.639874
16.242779
789.8914
126.381714
36.704567
38.828236
41.07184
73.95464
506.19333
22.540636
264.68536
23.497795
72.87682
185.23024
8.267273
363.89362
8.064681
3716.849
21.664701
29.560404
20.349901
9.631077
43.881725
19.632067
17.839462
6.954261
32.57723
15.656833
123.73001
44.579285
13.080523
24.73811
391.4845
59.593975
75.62292
10.3536625
21.533607
336.6965
56.08032
50.318718
9.8677635
3.3258634
23.255836
25.026676
12.581701
149.93765
24.025185
22.093428
21.971197
19.787075
108.093
7.415506
7.7693768
1511.1465
5.504692
7.7693768
15.310191
14.558347
1096.5029
313.4858
585.5329
6.0297594
520.63153
11.519022
55.704132
7.6628475
20.335016
7.067843
26.422153
59.647278
29.373653
156.92448
26.117252
7.99648
1125.3505
11.1393385
168.05911
50.066566
15.647243
21.649847
20.04955
31.305141
16.34973
15.089905
19.730574
14.30151
538.76215
36.867348
188.49156
274.93814
46.04534
27.353548
268.98203
136.83464
6.635511
14.103757
17.252739
12.12612
31.693342
406.71082
55.080894
36.62088
64.2614
438.54932
65.15554
39.232018
123.70842
82.53464
11.685494
288.7789
34.872456
26.556683
55.09069
228.31169
46.906666
16.06666
8.770701
36.360058
27.28433
159.5528
93.86609
18.296118
282.99646
37.60504
18.998297
76.038025
14.640141
7.6582193
119.61074
2666.0222
125.22152
350.42264
30.242367
30.348444
16.856636
585.4687
167.94142
11.064967
38.237335
55.944077
14.200097
149.21707
25.299543
58.48169
511.75665
26.779024
19.244596
180.79242
30.92148
11.600729
41.157494
67.26632
56.85583
24.377028
5.6798534
5.589846
24.12624
6.83625
315.1947
46.56884
25.062073
163.0428
22.371223
60.26072
560.3477
37.14424
120.27108
1296.4414
650.5375
513.5316
13.806332
363.56512
112.22221
25.280273
13.922684
43.294727
19.766466
670.9238
29.307568
8.068708
210.0179
22.678871
19.643415
76.16274
53.509647
14.351314
273.43292
106.06099
90.78897
9.661371
392.18048
44.11129
140.2741
17.064568
44.82634
674.40717
26.569044
15.489489
307.50574
326.71002
102.347084
40.538567
81.229294
15.899586
31.772882
16.1355
33.43202
160.99376
17.69552
26.188335
413.31677
761.256
187.05539
781.4137
45.24974
245.03299
48.22943
50.016876
299.10645
22.235796
29.609383
213.70058
13.092859
6.225025
7.184259
22.84771
26.664894
49.36598
82.05562
164.1272
30.197092
17.085857
25.024845
15.509259
280.3822
187.31058
298.76562
128.1239
707.1398
48.669678
11.14267
305.95068
13.072083
8.497145
14.806559
21.318094
13.841717
100.59256
4.248143
272.05435
9.278521
52.796505
3.4432378
70.585014
8.753876
21.49091
5.195289
5.5443506
116.90003
153.3835
1245.7914
101.84502
10.27047
128.114
9.273403
6.3413315
399.9573
11.228473
9.089294
107.898346
42.1899
6.8552513
6398.0293
26.403917
12.901915
19.037518
22.348087
30.771847
355.99106
4.059197
5.539924
10.398094
61.570568
46.56974
428.58218
136.11963
12.746818
14.963114
24.724365
27.349354
26.381994
99.61237
19.06952
120.155464
472.46414
586.3437
52.031906
3.9813075
29.487387
21.035149
48.546143
81.04533
149.30739
7.679568
43.564728
20.387203
48.08373
10.002728
19.112265
10.999767
33.311607
10.242426
23.476717
6.5865297
402.8396
12.611509
11.176542
20.763767
29.059742
24.730467
3.792029
10.878663
193.96548
18.45366
34.687744
18.611856
10.658964
11.116962
21.289087
501.64807
13.751066
8.897194
151.42589
73.39494
327.45758
45.979473
30.95578
22.476892
28.903835
6.413633
47.277344
448.5328
12.657341
630.0501
16.724648
53.109474
22.57938
2815.3154
12.283608
18.329594
404.3567
286.1755
13.3548975
77.58441
7.8254905
24.494688
84.88699
27.191647
22.401224
11.036476
783.645
7.1632786
31.669542
16.864954
131.85834
16.213135
22.356688
538.1652
82.19389
10.298832
13.147514
110.32838
7.796179
11.627159
246.49469
18.325756
39.47864
17.087263
23.057167
94.12569
75.911804
176.9687
363.21198
86.94682
331.3613
49.487648
17.165895
4.22728
3.3258634
229.83424
49.53561
19.606611
9.683452
45.049534
22.628502
10.627341
24.744675
432.50214
6.385347
77.392456
557.55634
38.004047
24.275843
8.474251
11.722876
258.62567
23.385904
10.250246
12.835899
141.32419
278.95355
171.77252
8.266196
54.519386
116.535324
13.27209
33.1441
14.310426
17.025106
10.9114895
319.0476
1104.8326
950.6725
150.08945
26.796242
14.17851
8.712846
12.17493
469.84906
27.578064
7.568751
14.607635
682.25635
53.787785
98.918655
115.15804
84.85741
44.176163
10.566954
1431.4377
27.137362
57.318096
436.09863
17.023695
25.750324
28.52169
1259.3301
15.961903
44.96387
1088.7832
10.760311
68.441956
103.946075
13.027871
606.62933
43.15984
122.35623
26.198158
31.80237
19.616823
423.32837
209.37775
14.273342
12.230429
632.2908
548.68665
22.327806
7.606074
241.93484
52.485703
12.981215
16.198969
167.87473
274.5002
22.880991
47.415848
496.6456
28.06738
38.99376
1100.2682
109.799515
318.34082
39.105835
105.01405
32.53605
33.67958
157.43759
33.11202
34.051758
16.64564
59.282322
579.92725
6.4373884
674.5683
18.164444
128.89853
35.063972
264.01602
6.753443
13.407688
19.632292
360.27533
146.44983
22.641836
934.582
64.5062
14.721702
25.661854
54.45703
114.56576
142.49573
301.58807
160.83914
292.60565
211.36646
881.3721
39.43312
208.944
475.80634
8.757094
51.302567
15.377848
140.02815
8145.737
558.99146
25.087158
9.797342
1106.5193
7.7874064
16.36696
21.37045
46.353523
250.29643
19.246964
12.9332695
15.390954
715.3545
166.0188
6.550103
23.157871
498.06805
544.13464
672.1582
8.751102
12.129488
374.38898
246.14397
228.10623
39.559906
235.92654
44.632824
55.294445
19.53442
16.955563
25.995518
257.43616
291.14905
64.01071
494.88135
32.196815
168.42355
12.102442
31.401272
386.52304
25.345095
8.634115
507.86713
34.28766
24.77344
62.08721
15.448838
89.98482
360.169
279.30096
34.699226
193.64563
256.22763
443.13922
40.06653
43.160336
142.01173
25.135658
6.012782
24.797821
18.69754
60.694386
21.241201
26.946644
23.512484
98.824554
17.514694
36.872025
2.9628668
19.36537
26.515703
510.55893
28.842947
476.5711
13.7796
85.713776
19.055832
373.80997
17.03369
4.8345113
5.3213053
6.2614307
61.231117
181.49716
2872.3257
4.1859827
84.45282
11.971977
100.53209
14.197565
23.815575
23.668137
33.00393
48.807053
29.647846
15.007691
324.43198
33.895687
45.330986
45.417866
202.48322
66.98398
141.52333
1103.7716
324.82422
15.105026
235.73819
683.9974
252.71342
43.82789
61.431183
119.385155
60.44793
19.484152
11.131284
90.38944
17.062016
76.854294
14.098627
6.6637764
17.48658
33.59376
121.40393
83.36124
311.83185
214.7812
25.493277
10.74864
24.906158
58.12647
176.77405
9.119297
232.78398
539.77454
59.436443
119.90054
11.274796
52.936523
42.570755
183.40558
11.236887
10.10536
44.601505
34.384758
17.54789
21.305843
211.17746
22.621574
214.75703
12.174921
358.07214
5.820712
9.53699
12.636394
39.99097
1309.3912
9.697558
57.64729
322.07504
14.254805
44.82096
34.053104
17.659224
129.1017
30.718403
110.56036
30.191008
12.221567
19.665308
15.907738
30.864471
30.69207
295.63696
422.33942
14.107117
41.317932
111.36153
31.274822
52.931705
28.565462
121.5193
18.452362
1028.0951
759.29224
1758.3225
152.99861
14.768342
102.67835
443.4597
18.792742
52.441208
112.529465
27.381918
15.225584
6249.5273
83.977554
26.96163
11.502243
10.756857
18.05943
20.011
9.64069
748.28046
324.71194
22.684517
18.521187
19.489996
172.9436
563.3797
53.461983
223.40923
5.0150137
8.911941
246.80777
33.280304
12.335896
3.8574297
801.0773
32.778538
181.92044
36.571392
6.0604315
304.60477
19.451082
130.46838
38.639965
148.18002
10.62613
36.366913
120.19391
100.34775
13.317747
966.6565
15.399307
64.93285
17.328882
35.14774
236.6218
13.417195
48.523773
7.6247644
14.380585
77.18008
398.79944
302.07642
21.074038
81.638214
43.169792
47.61133
16.129593
13.160953
3.11194
22.183918
6.310974
13.828661
11.47764
7.03392
22.821594
240.6889
17.486721
176.72644
176.30685
68.52964
581.7208
152.1176
260.80554
7.8758287
161.48497
481.73145
223.31358
12.816612
63.968727
25.753761
80.9785
14.643708
31.806147
31.75984
14.396499
191.02644
8.810047
496.32648
7.9108815
11.036947
30.293596
21.602684
26.2983
191.71594
22.804863
256.84332
21.7317
11.236102
375.1773
16.761557
59.17768
9.567319
33.797714
52.972874
331.12643
35.325977
22.146435
7.891377
28.700985
6.01104
20.350687
185.28625
604.13696
18.281136
217.1022
31.841702
36.89867
39.55357
36.53754
229.37091
281.38538
285.75006
6.0039415
44.884796
433.67966
55.901306
52.74522
61.992516
140.37158
5.260456
9.104309
7.7953515
1514.6012
8.329518
57.579376
33.020416
23.08419
3.5183265
142.70284
282.71173
162.52072
523.4706
22.357903
10.752295
11.080818
13.558297
299.82812
235.85635
27.083197
46.308983
13.579046
477.67157
26.404099
301.04352
10.744666
62.48195
33.386967
247.09344
14.879084
98.331184
44.665565
41.831284
202.11714
227.9927
15.258871
6.913394
29.440279
89.98233
29.718554
234.28932
148.74573
262.85846
984.481
1254.1454
199.92477
38.83528
24.479275
21.105272
27.784092
19.799469
21.442238
66.546585
18.588081
12.041763
590.4867
10.74864
577.76685
40.153744
14.438338
107.18489
23.061224
45.635735
32.939342
133.53778
9.89146
24.40013
417.69815
51.56262
407.37677
13.693326
12.57986
11.424296
419.48416
20.15893
10.992647
157.29854
46.507416
63.512062
8.238323
13.586948
9.451494
322.44492
9.001921
35.152023
29.692865
79.15391
11.976169
10.34719
42.43065
9.690188
10.289258
166.55156
20.202366
46.251793
29.547445
10.965721
36.44936
86.32674
7.906556
21.323717
7.797684
20.802378
102.07994
26.294909
13.030962
57.035072
31.027267
27.653906
129.50598
171.26071
7.305066
12.551728
11.849461
77.295944
9.740234
992.2195
16.327877
17.599129
10.777468
35.357315
25.37993
28.58043
449.74713
77.78926
55.601776
40.10747
6.049755
35.08906
174.80875
10.143393
36.525593
56.916836
28.150528
30.074768
4.321011
5.7213826
54.701656
2271.7761
17.89624
14.917858
4.754249
72.25189
34.398247
174.25787
13.329752
221.96753
68.159325
7.392702
22.67247
399.59225
263.3579
4.774298
23.41322
7.372621
7.9447737
710.3723
287.3265
7.1148725
879.459
1804.8312
11.863005
45.56486
41.401028
191.27454
34.426315
48.187073
5.9411864
7.797684
17.893944
10.997945
69.142746
519.72296
436.6334
36.176445
11.645899
23.584763
85.031906
8.840397
152.36101
62.333157
11.275804
8.936309
145.73509
138.18965
21.073463
292.62744
33.144165
21.776512
174.2338
18.603773
117.39367
151.24959
45.512314
18.028454
24.595875
39.13532
20.659576
67.61665
60.38648
19.209524
35.001907
63.864983
68.29555
217.58246
5.3665047
65.64747
625.8294
65.23382
186.78506
7.3564816
237.81108
21.500248
17.254921
8.471158
43.53168
11.171417
130.23076
13.087907
8.819631
396.36484
30.002491
10.735463
11.625992
19.844852
462.5636
2871.43
175.16495
6.303625
431.75848
22.21031
33.580902
20.14415
12.994185
238.70428
101.14998
251.14143
18.379612
60.892666
391.93558
15.560961
13.896962
13.293779
10.803129
222.39673
26.085783
123.644966
9.184536
22.257595
118.510895
4.8240595
21.012268
19.969011
944.1743
230.59564
744.9535
211.72021
61.699913
5.383853
27.143974
14.24176
115.9385
11.187953
19.393291
408.59558
82.828354
308.63965
20.492836
238.61221
171.12595
91.99008
33.521843
202.8076
114.83545
311.3353
7.9466963
946.856
6.224369
12.156787
13.197703
6.049755
428.6682
139.24367
9.395856
11.297907
52.021324
272.62183
6.7906327
24.628914
85.17934
9.888154
34.275234
218.71286
95.8444
40.076923
22.679943
52.553467
12.259196
58.565266
187.45953
7.343638
589.112
19.617487
110.03464
25.168095
7.0623
640.65314
8.516303
24.49918
24.49223
368.23346
3.3258634
348.9641
27.472918
17.842606
26.707388
685.602
46.582222
27.055593
107.526184
85.13289
242.82812
55.17721
840.1489
54.900776
271.33844
69.35213
448.2683
78.3555
14.415427
40.004723
132.79909
219.8009
24.311157
310.06857
5.09177
7.475427
475.25195
18.261463
14.740316
32.07682
224.3233
66.06588
98.339066
12.550295
26.695133
631.2602
127.48025
385.79498
21.513903
267.1828
19.7418
7.548045
10.327005
19.53074
806.3468
15.724582
30.283804
8.646965
44.79011
39.7532
178.92853
27.132555
6.2814236
39.893265
5.013538
290.91296
15.291817
14.7585945
18.527908
31.86349
11.093279
47.634163
67.41856
24.805136
8.061751
70.39775
47.944862
16.595085
349.3392
26.73938
3.5183265
41.35833
490.46643
594.1505
54.028683
63.649918
323.83014
2533.9363
105.15115
60.83001
501.98355
21.625425
54.77602
184.79549
38.60503
130.63454
22.986202
51.444454
983.6345
34.988724
53.919018
15.181083
28.004261
42.058323
30.09518
35.18175
236.05191
21.570877
4.973226
35.86949
695.8685
262.10562
31.469933
144.97504
48.171616
37.15831
366.51428
77.92399
23.10551
20.587997
1381.006
77.13585
37.89748
46.71202
29.875078
51.65234
276.2437
9.434191
15.37736
22.824043
32.169624
30.212431
13.638328
224.55061
83.20096
30.639992
20.478125
280.60062
9.044308
196.67691
19.20663
250.70422
428.5454
11.487548
28.072401
2.9087014
11.357956
156.45071
44.44505
34.108593
26.503626
24.521883
20.944504
33.77262
9.892583
1529.0731
12.724886
61.72722
26.489708
81.32165
16.361452
4.831536
321.94513
10.816913
82.51409
24.909008
6.0296497
163.4729
64.19711
198.26125
21.98253
14.057849
23.67355
7.0955324
15.868433
18.870226
196.49721
1944.1597
19.14652
24.408
95.05301
52.74101
39.678814
8.709375
32.761967
35.900414
63.209816
33.734108
12.649801
127.997375
17.871212
79.59306
149.96976
13.522637
201.58142
292.45935
1094.0463
232.46452
12.99515
5.338944
100.86691
193.10611
10.261068
45.83347
5.538082
115.79706
8.040367
65.86579
215.56221
14.026097
46.513016
374.38898
19.733217
82.33436
368.0151
432.06985
361.15787
624.58923
44.96387
821.4605
271.25046
848.8368
27.089417
21.42683
11.328899
126.48728
28.734226
56.99266
255.70903
108.15296
12.374599
152.91066
242.90236
56.927094
16.684853
11.478994
865.96497
35.293694
196.89723
45.850517
26.33078
18.564291
39.730194
5.042681
27.147968
58.396614
41.240463
52.938934
103.617874
9.652504
15.888831
43.513004
15.278227
8.27687
347.42978
66.487175
87.18954
186.90881
199.92879
61.486217
25.485565
170.53967
348.0116
22.553936
76.40766
910.7958
280.17798
11.965937
11.03837
19.054169
8.976239
39.31017
14.4629
19.326551
15.499463
20.099506
567.02295
28.201656
16.371468
25.871454
73.02456
6.6233506
80.43384
127.07083
51.886234
334.4906
92.86253
20.004608
302.78406
8.484452
167.22536
12.343845
32.156227
12.802078
15.547566
18.106932
13.24272
204.17401
1547.9998
14.325896
68.81114
330.34262
369.8697
25.944609
389.993
11.370274
24.77589
25.306202
24.212502
5.725788
49.38999
36.671852
47.79226
20.244831
37.745094
527.994
408.32855
77.68688
7.3266964
136.203
21.874096
300.05566
335.39407
61.839996
7.47049
56.997524
36.207638
21.913181
19.496052
18.571444
67.84706
31.785952
85.772934
7.407639
243.3415
312.34064
82.43619
668.8513
54.326324
6.6729503
81.951485
23.158081
17.597088
41.81806
3.5183265
15.656986
29.437346
27.679981
119.67172
10.939246
16.880892
13.475741
93.5198
21.665632
61.089294
707.26013
12.985746
416.8229
12.952343
86.87492
25.674816
204.19824
36.51376
211.91595
431.52734
20.054081
205.41272
99.363884
814.4894
64.75432
48.0425
22.630962
1106.6227
8.745394
10247.0
337.56104
1449.024
22.51236
16.890203
711.78046
140.7186
33.135212
10.945977
448.1683
35.586136
12.610889
222.96713
70.986404
53.068848
10.74587
216.68272
6.4148393
33.541775
352.4051
10.262561
21.504929
57.588932
113.107124
36.900158
11.560704
71.48086
10.979563
43.896698
17.555256
49.946365
12.808939
228.60342
159.19955
15.674178
42.265526
13.945726
264.94888
235.53426
29.014334
29.09106
14.939627
123.63837
12.458065
8.945782
12.206588
135.28433
208.33574
61.011307
105.419235
9.693701
216.39722
694.3174
13.361557
1262.261
12.126391
35.45773
43.772415
458.7941
10.297499
23.449821
29.544579
64.62304
76.46277
63.29671
44.84202
68.05972
18.803291
31.258535
423.66034
37.704136
13.911999
13.173142
199.22656
59.845337
930.9695
628.9344
220.61404
21.408667
28.739906
23.087257
354.0252
17.865715
17.10807
129.09505
38.73638
414.78625
52.464043
11.143207
22.485722
23.46037
60.304787
410.6801
140.742
353.52063
6.957941
38.176567
422.00644
405.7342
20.595745
151.27173
39.010635
609.4495
99.209305
19.499668
162.6896
144.08923
161.25082
282.24435
4.3649693
9.505924
11.399453
347.17343
23.731909
272.59662
173.85178
312.95322
363.66516
142.46828
90.66714
382.2174
102.59168
12.881578
330.70166
62.51485
13.230462
269.4457
68.54683
38.31859
631.5507
375.18088
747.54297
387.32507
26.455715
690.8755
46.018013
226.37233
10.948167
87.48597
115.98168
18.128077
91.85373
217.58246
13.657434
197.97652
127.72266
95.157364
66.748924
609.5321
16.915178
3.4466472
7.897752
294.5487
3.2356393
5.1918316
21.646275
16.370747
24.888279
77.44307
66.94327
13.242859
37.266968
23.092293
28.453674
225.54333
37.828384
296.8443
9.980238
362.8021
6.970154
25.850239
521.0704
26.92802
23.675728
644.2287
4.8633904
118.48756
22.861343
1280.4963
181.94846
4.8947864
162.8439
492.26166
17.40718
686.80646
4.76865
765.9337
12.166176
3982.3147
149.5408
164.42502
28.27997
4.8874097
3316.5708
418.39404
35.813282
34.00119
27.027702
215.53046
13.612035
745.5054
440.74866
22.616817
281.18124
14.079551
185.6886
195.2021
40.715584
152.40744
720.9321
20.33666
18.439024
199.10823
50.416576
563.8936
23.44498
14.919792
5855.8623
95.17624
139.40358
36.805904
45.895634
58.013134
44.300304
63.693913
22.82116
39.36715
23.532763
31.702269
582.84784
386.39166
46.82936
6.270049
86.41167
27.218702
213.84023
11.036778
16.6445
6.0084453
81.953674
38.90177
99.78666
12.89217
67.23438
9.846028
31.20603
21.551205
34.20299
440.5169
11.699202
86.66495
432.4745
70.4371
658.9293
1566.3406
168.10367
45.921093
4.9172006
14.867814
576.9374
42.77864
8.369467
20.494682
161.96094
957.9634
431.81467
5.383853
41.773777
113.74463
286.66663
37.60158
18.060686
60.66921
13.990618
12.297173
634.42084
2505.9607
7.8624406
32.522934
169.87181
2977.706
26.397957
9.383104
19.965546
17.919683
144.5097
137.87964
61.43484
630.59863
37.5095
49.74875
48.707718
45.166275
14.077245
16.93604
51.709377
521.2076
227.23654
667.6599
12.453646
57.273674
31.650038
84.53662
85.00365
144.90799
158.54736
515.8152
16.992422
5.7213826
14.399445
165.35382
35.785072
50.49034
217.75029
9.302133
32.81752
419.02777
28.78183
6785.467
1337.4437
4.248143
121.9313
12.501908
59.121555
163.90602
3.893505
8509.34
83.84156
1060.665
277.34567
4.5663958
1579.2737
1070.402
55.63864
254.89813
9.119117
52.783176
8.619906
278.60394
400.64847
6.8189826
60.23811
7.7519937
36.46445
79.37747
88.593575
10.179468
945.23474
232.37088
45.517563
51.503433
21.886871
1040.6382
60.831226
29.017952
750.5918
18.16383
21.947392
17.07599
37.55409
219.85237
33.789936
201.61842
8.174364
42.847916
91.751816
11.562361
40.9396
22.19234
589.4936
28.202753
9.954383
101.832436
28.56617
205.18091
52.519135
127.68655
87.92849
167.64946
550.25555
24.378893
157.86119
783.7684
118.157776
114.192375
130.50342
18.717402
626.6515
17.92662
18.440426
76.12676
610.8627
41.956337
181.84923
97.572525
25.207832
6.096564
22.420021
408.62265
350.87274
8.849697
16.608124
11.810319
874.57446
16.576405
26.580961
428.35233
616.8168
71.21811
15.695168
28.408375
94.48674
30.88646
43.162804
582.18756
23.953514
68.810745
12.559508
50.653137
14.562568
182.5339
9.479483
61.203617
4.6384277
87.986786
667.65295
11.517054
15.719776
85.65518
628.7914
12.145082
15.636513
613.3945
27.38229
16.141607
82.71839
7.6161976
15.607967
18.306639
11927.324
30.523273
30.467028
6.212579
175.47267
22.920986
8.849482
109.92256
100.63449
57.78418
273.57025
123.7591
60.08538
48.738518
559.5728
6.6821604
11.415747
115.06094
131.56918
387.58908
393.89948
87.61012
18.07227
111.53376
647.2811
253.53357
299.93195
6.5441847
665.088
44.91008
19.482191
28.8172
268.15424
35.844555
27.33451
16.966808
69.023926
29.326118
179.82336
33.768265
11.081748
21.383686
612.63184
9.070015
20.744673
19.131727
30.483057
155.9769
43.103416
34.750282
22.3907
98.3212
26.430357
14.891238
17.167982
60.903236
46.55453
35.608307
257.5415
15.226368
48.32206
11.507937
23.753342
244.00961
14.814829
55.681137
19.545576
25.787346
10.212018
7.767382
91.376724
95.638504
52.88087
17.768366
530.7459
37.119278
143.91914
185.61627
30.667713
17.748459
396.10297
26.100428
752.3495
85.67226
30.010561
9.259729
110.01648
18.30904
75.40899
205.70511
94.10832
291.8468
235.95625
6.6384873
20.33826
299.7751
9.620846
38.50918
12.422535
6.6696777
100.90781
64.2617
7.7457824
58.93247
244.44214
13.077959
32.90968
178.52849
329.37357
239.73203
14.063484
15.508919
78.40251
13.792905
202.9625
43.513004
38.220165
247.47855
31.966
17.833925
28.083105
14.177485
1600.1886
797.79364
570.3415
692.15186
857.83203
550.17053
20.922754
189.1334
147.93674
5554.004
31.14635
19.680542
38.56994
14.489918
17.470486
19.349909
533.74805
53.826412
17.982204
344.96234
57.802063
509.63852
134.77264
499.22913
472.7837
108.36058
439.39056
36.135326
94.63486
1599.431
8.183574
18.291853
4.6517506
15.515394
3.3761342
13.919783
50.29251
12.012492
27.31179
279.24063
721.4321
463.22113
27.982883
10.25701
20.391193
410.9534
28.659384
267.77283
132.06543
59.388847
29.780346
176.54526
14.596762
473.5621
248.5045
6.725454
18.033833
12.124715
53.047367
98.9322
50.67472
47.53694
20.093666
424.1655
22.590008
19.633312
31.83342
34.238956
19.68073
21.528496
24.288395
603.99207
313.25375
49.157364
148.61194
35.71891
15.096177
3.9100375
45.078487
13.160758
4.561374
6.3413315
380.63092
41.16892
58.87966
8.427523
10.842004
628.43677
62.436737
13.821017
72.818085
18.477058
40.66831
28.753113
19.739155
38.02909
18.938763
129.80138
8.354833
8.052778
5.7213826
240.48172
20.59248
170.42888
14.397446
32.707508
7.875412
316.79034
87.12932
17.401476
7.7005057
7.3081474
648.0829
167.4209
29.940508
13.936466
38.36422
141.87785
29.64719
39.767372
7.850219
23.505814
3.3258634
214.1438
20.043516
396.0952
12.884371
1811.4968
19.490555
40.67473
296.33276
32.376644
31.581293
1036.0558
224.38705
24.256477
20.528969
34.3692
134.61021
262.7864
891.32605
33.695114
38.042152
31.526382
69.34697
9.68339
21.904985
13.82195
15.260305
58.00918
341.19354
7.8401165
13.195954
9.915206
7.1377144
87.26207
19.84822
131.013
19.286423
5.9832163
19.803991
44.206963
19.17442
6.6794095
64.25147
11.5558815
15.04225
24.369589
19.78034
20.467518
44.96387
325.49542
143.64497
67.96091
13.414934
132.43661
265.68723
78.088806
10.371412
61.40746
57.803055
12.279752
338.35663
15.956047
158.80507
19.527052
22.387085
18.909489
38.81625
72.17166
54.235256
140.36295
22.596268
27.217903
255.6532
75.78417
18.992702
24.19755
113.50569
53.751686
9.492546
14.505172
36.650536
11.92391
34.05163
16.533947
6.027682
24.1517
290.5104
766.12695
961.75903
5.150981
35.34335
68.066536
27.49567
10.225384
255.3508
158.15775
32.40496
15.672048
7.27264
1364.5042
26.448065
4.059197
9.055593
4.953595
5.2264924
25.211012
17.468582
159.68446
57.961067
31.033527
31.206514
31.843956
5.2273865
185.62708
789.4708
2185.0344
75.560524
65.40659
58.23414
258.23615
6.177076
22.837494
205.88763
14.226753
14.057152
155.21338
171.17596
695.85095
16.496595
5.7213826
37.5497
19.71577
18.930595
213.66603
8.693847
120.89597
19.621645
8.515889
12.930331
5.1571484
8.65214
202.8963
87.00394
39.872414
31.32725
14.899694
190.16025
31.793205
36.65015
157.30986
182.6409
170.90298
719.89294
30.179508
48.743107
3.9096699
15.97226
22.686172
48.096836
7.7132797
60.09297
34.509354
96.53731
145.06009
605.07715
876.3495
29233.777
315.6015
5.763929
215.65607
40.088715
32.564568
5.3665047
475.83447
17.85699
49.469128
19.836393
11.016207
3.4052227
15.882317
359.27737
76.564415
327.07632
1262.4481
40.18476
606.0089
264.15643
80.291176
9.605522
12.889714
17.355505
13.144543
12.838479
10.731649
284.77164
110.073784
5.845425
109.819145
23.809803
308.51105
198.5908
5.836857
155.7427
64.22154
24.604696
328.76678
91.0777
50.171482
19.132229
60.07856
32.96706
238.91768
49.21552
8.358756
241.29266
4.5870934
58.47271
68.191055
290.10123
587.65283
27.863802
15.976805
29.664951
140.4672
23.066195
70.494934
12.684088
11.952718
8.502603
10.601614
90.92236
76.64123
73.57617
742.2594
12.308952
22.674038
132.65865
702.97894
743.1267
57.18122
60.898445
506.65915
50.699654
9.951286
53.55281
260.70645
74.5189
5.0723257
121.71149
119.67623
73.46381
24.733185
73.961876
4.1788926
15.62775
531.9048
160.2396
77.819016
396.25183
632.9013
122.97953
87.573494
60.19369
40.827568
52.37506
185.59618
8.685883
7.5527096
11.846221
23.757254
46.321945
7.057771
5.849533
83.38223
27.819016
1087.0121
346.60046
4.063327
199.24908
29.705166
184.7044
487.8345
6.1326413
167.98306
18.115253
650.6687
39.90491
11.489451
433.81058
9.161734
41.846664
25.10727
16.571138
185.76927
1626.8285
672.5731
24.806591
1424.1523
12.58766
13.572347
28.133125
12.031811
24.172508
295.76837
7.771459
26.984537
52.15873
8.17173
8.936377
154.82005
19.00859
11.681349
357.42474
10.800297
401.12177
110.03962
580.57745
14.829866
74.60192
12.067797
43.493423
240.37442
7.527251
36.840206
281.0744
162.48236
428.5029
617.35876
26.066492
6.744493
90.46654
27.310421
15.015913
48.551605
6.961027
16.931293
8.6043
86.47304
13.885251
70.75731
65.50088
52.31638
76.3893
37.55476
93.98195
8.981803
19.017185
261.81256
44.316025
10.312725
466.31873
38.974632
4.767702
8.306731
195.78276
76.51755
919.0613
61.548023
45.657776
361.16302
913.97644
50.94406
265.7232
34.24477
5.032911
198.28943
158.83794
25.823849
13.085713
313.86304
286.22476
15.792808
224.9982
210.7239
27.498764
27.879572
25.803976
84.09124
74.06475
45.795273
596.8728
8.943108
483.68262
22.64521
24.12326
392.17432
187.45041
28.21638
60.45701
52.40254
431.18033
375.69092
25.069735
639.6403
202.6741
322.21866
24.599083
253.09268
29.430588
785.78986
48.69858
67.64262
7.257318
966.698
34.2078
18.873695
21.31534
112.95363
42.10839
215.61792
12.617903
14.454147
282.8873
23.392284
472.73862
356.2811
4.2816343
60.121807
21.96685
67.40371
32.111046
27.925293
184.9547
22.12389
37.77138
246.38599
29.527748
19.425161
100.5881
10.603106
269.64285
12.041763
310.32788
40.847847
13.015779
18.16381
462.8074
7.381499
18.348343
203.0926
6.3010254
8.27758
13.7572155
13.299826
93.77786
25.247257
21.202925
19.651066
77.422356
18.088991
105.09125
30.175543
140.04665
563.5675
11.437651
9.260098
201.76442
36.946922
46.422226
37.914207
292.225
378.5595
30.710545
19.516073
326.17938
16.198347
1533.2128
301.22504
44.015488
8.207322
31.281012
275.97513
10.469951
18.239977
40.960938
25.06983
21.024239
24.826857
9.679137
118.300354
17.403574
260.36356
132.6789
141.49782
40.65812
10.871025
165.07297
7.416968
33.055485
21.010017
338.26147
69.95698
28.727808
30.130957
30.796846
10.710483
676.2462
57.264935
84.74107
195.65799
337.19473
45.2001
43.247
34.69189
168.42114
5.202262
172.36418
171.06328
18.419325
73.64171
8.833391
41.97897
31.802834
393.71844
22.760204
228.05632
408.18234
25.475317
149.26198
425.26538
254.15561
52.559006
33.247093
3.4432378
30.320498
56.11303
15.666426
427.3822
32.641907
516.6521
2751.0
3.8841329
33.347324
3.3670049
19.328686
21.097675
36.22811
14.509391
8.674771
65.38944
11.270073
10.658995
85.54808
105.08153
295.9879
81.382126
84.4254
913.5869
21.294945
209.14236
12.60257
211.27716
237.69124
105.84738
184.36264
13.12979
31.377003
238.1313
277.67596
1845.6143
20.377449
217.76659
12.3042345
324.3115
424.0011
25.698994
39.76017
25.88519
168.94228
31.913584
361.79163
7.5645313
243.61398
74.993996
44.307793
26.43557
8.037916
404.11017
252.05092
330.65356
17.508762
44.174004
34.41764
20.39339
7.6201243
18.679525
7.1147842
17.396936
29.984577
278.92206
40.18365
303.33694
126.62687
13.203498
1171.7645
77.23453
90.72937
314.02142
21.062128
33.147
74.96354
10.8914995
8.110082
40.96964
31.970388
25.341518
751.3707
340.25238
34.230026
20.46971
293.14334
58.246105
15.893628
80.76074
15.7694235
5.095598
363.8877
19.701115
193.25534
18.30264
177.78601
3329.7896
49.2705
25.775028
30.737392
21.008024
16.07407
24.271873
10.225367
128.49754
499.73572
8.476591
76.09885
332.2882
12.435408
72.04166
105.85172
25.53656
41.929016
18.145662
60.82853
197.63394
11.485357
35.155426
120.62775
37.551823
1427.385
38.813843
30.536478
20.31266
57.98946
17.028131
11.764939
75.05274
38.237885
23.503029
27.827122
373.88342
16.718206
17.264484
19.795639
466.96265
62.35361
1884.1986
305.6955
33.433628
64.75907
1152.1061
10.419842
461.58862
42.40474
19.065166
195.98322
10.134265
23.79633
48.64214
65.24629
178.2658
338.47137
143.22298
13.105705
227.20047
53.343483
243.6579
38.26808
19.14617
1038.5511
153.42673
395.10828
62.70858
13.297743
15.245021
19.043999
229.30902
312.46533
226.92123
39.72703
576.2157
16.979496
9.938137
926.7043
84.723946
937.54034
2684.307
22.621822
309.12878
13.774006
17.006584
43.398342
125.44133
134.50647
136.203
182.2402
205.3428
40.635956
4.444609
18.760832
281.88562
58.04108
132.05397
3.893505
46.745186
69.615425
30.720139
208.63129
12.532934
25.783878
56.219677
8.793352
31.414234
323.82364
20.025639
134.5311
15.478443
15.939655
14.008402
627.3131
152.84804
9.320563
76.62446
29.860823
767.4011
10.137839
22.45401
22.474224
21.543205
6.8513575
22.339344
46.48122
712.51636
28.506313
7.734826
513.4652
33.660027
21.431253
147.30392
374.3756
6.7407827
15.608719
729.08105
42.39022
28.433662
208.12088
34.879715
60.096413
641.19104
422.5485
147.59613
19.055641
19.651073
37.63263
44.299026
38.994774
503.60187
336.79895
388.04343
709.1012
7.3678327
1868.0537
8.683489
107.38287
848.2756
223.02744
41.704754
26.366833
18.336906
47.55583
3.11194
56.26653
77.5187
16.059536
37.022655
23.482489
190.50821
116.51249
123.65611
19.792162
93.280685
99.23902
18.410202
25.479757
641.2944
45.734352
243.00432
5.728056
685.0817
31.076677
40.505527
28.831865
8.979662
3.5292294
17.042095
25.005194
16.688677
49.158993
195.52872
43.552765
13.849521
119.56022
125.21949
19.529976
300.28168
297.49542
66.42649
72.97033
285.43506
8.185707
9.152535
394.98923
21.982573
16.265266
116.54594
21.778107
294.5487
21.970411
50.545357
42.486454
42.156525
435.34943
235.24298
41.14363
282.89783
40.380783
611.3887
74.39783
12.630827
14.714947
7.601509
80.38829
115.24753
100.04479
13.1254835
96.924255
696.395
8.467708
902.0934
1017.9928
75.880974
312.37802
11.181103
177.18283
168.58972
76.088036
1418.2395
188.20058
184.73752
22.33332
1829.5723
118.17169
359.0614
19.198975
21.369171
22.211004
175.97433
29.923124
29.328678
47.123856
181.4629
8.297056
259.34406
8.478699
67.031204
79.356094
189.15018
162.45401
26.044724
74.39276
212.34807
138.4014
17.421156
20.080791
11.500044
387.34705
37.28121
22.648014
506.022
48.220806
27.120106
701.807
241.80637
9.260505
15.806305
7.6078963
5.6777864
15.81488
21.340466
24.009226
33.13954
32.161648
691.1882
48.358433
23.851933
453.8479
93.294426
230.51263
20.848072
88.21747
27.212343
271.581
15.3399515
24.5337
10.423813
410.69794
36.146194
197.86685
46.95703
3.9100375
72.66668
31.970251
7.232687
265.08032
445.31976
123.4043
334.80478
7.7889605
16.591545
26.067375
35.11839
14.33113
44.60916
30.880657
396.84918
20.104164
269.05374
39.69397
7.9146075
58.428783
17.738623
11.886211
3.4432378
16.58519
26.374384
155.26837
494.69922
52.05863
27.087917
1730.0951
202.8638
19.008024
69.31559
179.25449
218.2634
204.11823
1092.9773
9.188691
200.77264
29.285816
24.561981
25.239254
13.022465
230.52528
3268.6665
41.186687
10.804727
11.031462
26.023397
8.287345
31.503353
104.61781
24.000721
66.970245
124.29717
54.84136
600.88763
40.315407
16.974808
15.183667
21.179546
224.04408
15.791321
17.797523
105.17592
946.05316
946.55804
503.77527
40.01825
34.171684
26.822454
13.626153
234.59105
26.85909
13.638946
11.008128
455.81042
122.33815
14.389381
58.812794
558.6685
65.372795
493.8816
533.39514
13.262152
4.059197
30.826113
146.91565
7.5635123
231.3951
30.597885
15.382094
37.84881
212.3499
170.82755
21.444992
315.76016
430.30106
46.619106
19.419395
247.9041
347.81085
1113.3763
5.7213826
294.24142
42.935127
33.30302
30.756914
18.043022
29.257677
23.414078
1103.7964
11.499498
4.411101
25.755205
71.661736
6.1741667
37.451538
14.724798
57.056805
240.01202
19.30813
272.67422
153.21742
30.030258
681.5647
38.54999
212.08994
26.307137
2141.6238
20.463203
25.534994
25.615093
61.555565
20.781178
85.42913
439.51923
247.03996
78.61069
10.41663
45.3245
473.15063
26.844002
11.104009
699.0803
9.622695
190.3898
293.09552
47.959793
6.8513575
35.941822
4.883934
78.41541
176.43207
4.1652017
413.7113
448.97147
8.301311
128.18813
557.905
159.534
175.28485
605.13947
16.255703
204.20604
9.529585
30.27966
525.4986
19.811665
41.74355
91.64142
474.97556
23.699183
66.23403
19.541718
65.19069
8.814083
20.315735
716.4944
11.775438
17.031923
25.557037
11.724564
44.337
20.401993
714.8379
30.345087
18.312698
12.956169
3.1056862
64.43169
416.3918
375.10162
174.84825
14.576049
46.500107
43.513004
35.593086
527.9449
19.62997
23.38121
52.25977
65.82836
103.44263
31.12866
105.418884
132.2606
49.14512
388.21368
77.62301
232.44867
11.56608
354.8293
351.47424
75.47983
43.891624
728.98865
25.837004
17.787275
37.77105
45.30606
181.72552
19.881601
6.06656
27.402967
166.72144
204.53084
1018.00006
30.548676
67.18663
772.66724
51.00573
30.197487
96.05316
153.07042
164.69447
5.7310047
20.100489
1035.8429
65.65097
43.260532
23.272938
7.298212
20.167328
12.973272
14.354469
547.8302
10.976713
14.074724
153.22421
8.271682
97.89577
37.854965
452.81613
114.75334
21.4149
40.22701
27.426065
14.297503
86.745316
15.786111
313.25854
314.92444
20.236479
34.151516
298.98337
15.130546
174.42157
6.082226
45.774193
99.0818
4.7548504
504.13623
211.22076
350.63776
320.24072
1062.3223
95.228264
17.031427
16.31039
52.526424
10.710189
231.5452
9.808428
25.728071
278.65762
278.1488
157.32202
1175.6576
43.22612
15.101966
4.924545
29.078045
107.532234
10.697835
419.37256
42.023792
119.296265
246.73529
15.060408
13.085913
3.5183265
792.2592
122.19945
28.514538
77.03136
10.970272
617.2958
20.893982
16.084927
24.26475
576.0613
7.060493
224.79712
10.29237
46.403225
675.1652
46.889736
16.707912
633.7916
7.5135436
83.37722
7.797684
19.96378
145.1672
9.634853
12.955616
45.414585
15.060781
117.7015
21.380194
40.662384
62.085762
3.9153786
6.130584
18.005457
127.00299
223.68103
12.511829
67.08646
156.03842
36.59536
66.983215
27.5042
57.14396
313.78656
14.267589
224.16333
1089.7668
19.926807
73.41266
22.5145
11.917269
28.16192
442.27603
400.3288
197.13614
291.92
21.728954
61.414867
12.725538
2.9087014
19.897772
21.160316
42.813583
80.053696
75.15416
11.373988
113.93142
8.2302
15.549753
15.123447
278.12823
60.36696
29.807375
243.89899
23.919197
136.10146
8.679033
23.917717
34.41256
348.4194
919.62463
495.54703
26.39033
19.076223
88.23084
14.123738
459.45856
44.204662
132.23808
12.47849
30.530865
29.802002
314.78705
886.0836
86.453415
196.49384
279.49814
101.7755
16.48652
20.060322
35.81873
949.7708
13.283534
30.86461
44.282005
11.863094
93.55446
252.53935
42.490963
20.456224
23.69508
34.616867
25.680252
41.49916
1445.4329
261.09235
127.24528
51.05156
58.855858
8.877634
14.210487
184.32791
44.42508
168.49786
268.99792
37.780857
136.56868
11.328562
17.74608
326.81238
121.75973
21.468601
13.103659
468.5923
758.20605
18.469131
13.159271
53.69129
37.054005
522.11646
531.26373
39.672474
573.90515
40.978752
2759.6936
448.5159
32.777912
426.28638
24.843708
38.580914
221.47528
8.415787
51.19508
27.400171
183.99869
110.00751
214.75745
324.28937
25.607447
20.773895
91.30934
23.684366
263.82925
20.503632
50.108902
400.6181
23.538183
133.73787
27.662756
541.9518
59.365517
28.724644
72.28329
307.6436
4.279968
203.39217
13.080716
54.492447
17.341383
8.134588
22.388618
389.93463
318.97488
392.91367
7.7853627
32.44789
8.546154
49.83227
43.902206
4.519442
123.30036
199.2638
477.85358
5.5274334
18.39681
214.92514
13.966919
23.693985
27.643927
5.202037
27.48713
19.349388
1208.9741
1074.9778
135.1017
35.13561
66.061935
29.649183
15.693432
13.88215
13.073121
99.12287
721.0885
517.34534
33.79867
1082.3752
26.761772
437.22113
7.663244
111.574936
162.89368
11.104896
28.186485
219.34409
97.69785
86.23647
19.687752
169.6441
684.8009
10.400065
37.86122
15.036918
19.4565
722.33777
44.93605
6.1997466
59.46737
307.55338
17.76372
21.464533
179.36641
27.643484
246.65094
13.644849
242.4224
16.820753
9.23377
27.371548
74.3245
64.415924
566.0596
39.621216
763.09424
46.043472
15.209784
53.405304
14.108247
45.82451
141.96997
14.017592
8.999535
773.8541
10.711773
288.42303
152.53758
102.34201
18.82883
609.6129
12.982502
68.48181
105.19302
9.284388
739.68933
46.89091
50.36422
10.615831
170.22478
40.360878
17.788773
69.382095
23.67289
24.051853
9.836978
14.168775
121.40862
15.565592
13.225555
1607.5236
204.61316
20.80225
13.696108
18.604452
29.336147
26.758282
556.0356
859.9101
15.134297
107.07593
5.285989
35.29529
9.353612
10.15113
339.60626
981.95215
14.64838
20.417263
20.227863
7.8702164
154.74832
10.581879
8.034387
63.162
2249.6914
27.57805
14.667076
9.744424
620.974
28.210817
1079.6659
13.529477
29.002369
548.7421
258.45334
355.35693
10.787169
32.336998
287.46533
29.11314
29.225029
35.085464
23.792551
40.763218
5.304412
20.187157
24.771862
8.739928
293.5347
3.2207732
6.5655046
32.121254
31.553356
138.70471
18.611359
17.507038
56.01289
2212.8127
66.26632
495.7191
35.722115
14.938892
181.82928
80.825195
10.261093
430.4722
16.384706
23.307747
58.39728
543.645
116.400375
75.46205
29.275227
137.01196
164.38034
19.219965
27.016693
111.40093
4.188489
166.81671
244.36569
33.619217
53.814877
138.55128
7.443821
3317.5735
515.5049
22.137339
71.22687
23.962002
51.612076
7.4035516
27.09077
20.503857
18.992874
5.4036627
5.1339664
16.224577
396.9877
736.3711
8.149874
78.93537
23.581255
7.5089283
214.24706
300.8316
14.447777
31.938704
92.84766
40.550457
150.72107
11.901107
97.21224
212.21112
171.69743
208.52826
369.7967
36.294674
10.428672
60.10349
75.25116
394.97284
35.37607
442.1101
24.071712
193.89816
11.2007
44.196747
355.63153
75.6854
23.647194
10.823674
7.2657113
405.86517
13.775534
12.45895
10.361046
8.981215
391.86588
68.165764
5.5648804
30.682793
861.43634
10.203524
21.982018
387.03485
12.287803
67.10133
3.4432378
39.14501
23.23133
10.370126
14.850097
413.3272
273.8562
7.305505
109.45523
30.578018
14.207388
20.645962
17.406591
304.7688
12.203427
9.343696
11.060223
26.487656
169.57867
5.1730886
210.61781
491.11563
118.211426
357.92822
2962.288
17.340416
14.615344
305.61694
87.85355
93.587204
10.5091095
21.291977
206.9787
11.218157
323.56912
10.468708
24.374302
59.79157
7.457821
12.419142
10.494342
35.567924
1940.8594
11.41939
28.295967
25.440536
27.54449
1003.3254
83.38223
21.173195
5.33617
50.43663
95.01848
43.405243
4.7677546
14.913811
72.67167
46.275673
25.251852
16.57587
36.31335
605.7639
4.2779336
119.64787
58.861134
40.212555
256.42322
85.110115
49.19132
101.99266
153.21399
47.51774
1275.7596
25.027458
16.682064
834.32623
56.806347
21.50561
362.79172
33.063755
15.616149
66.37399
9.711172
169.61046
12.524181
7.482224
62.99717
14.247435
52.752995
24.18688
57.96502
229.02808
10.710324
33.34489
49.07991
16.434338
40.217957
157.20856
8.278378
612.1865
6.4030685
27.041748
18.0693
2356.7524
3676.3503
15.012333
145.47931
43.245125
17.456068
28.481617
15.707001
18.415356
6.093344
516.01074
41.039703
420.19928
4.480336
13.060156
179.36093
21.653393
19.652166
543.0173
472.73615
76.340614
81.99312
17.213543
216.31036
18.2416
3.9637973
13.994041
60.98042
2321.4573
4.1652017
182.5574
7.3466854
12.9655075
30.707024
64.46758
18.781553
13.22332
6.744509
11.687317
8.298585
8.279092
132.74799
11.118852
13.140015
21.920727
13.090247
12.324549
21.835808
212.6478
25.64649
1664.0955
83.012886
154.69652
294.3305
7.9502497
197.02872
386.39166
238.42569
281.47784
39.052803
476.5802
38.765015
9.599089
14.424765
28.8141
8.327838
5.606022
257.73856
56.84146
30.908154
94.4308
245.18668
128.7355
146.81523
270.2499
32.182808
18.781504
13.312046
95.56985
417.55396
66.149124
5.269724
505.12616
176.0032
23.933403
5.766348
16.393955
20.9128
12.529253
666.36005
173.67032
132.49074
221.00761
25.697071
483.40753
11.924817
244.40356
157.82799
21.97258
5.426533
34.11532
23.75872
100.4833
5.378398
88.534325
55.94581
324.8831
10.667383
26.35339
5.0505424
406.06628
163.30237
117.31393
13.396489
8.113698
26.853277
18.433603
193.94754
588.69025
35.66109
21.407078
18.539423
253.62051
16.741041
20.80235
15.583609
22.972116
89.58866
584.62366
2367.743
355.0045
7.2581954
29.143806
30.964306
7.067843
31.04197
46.62892
68.45968
218.53125
51.071
260.29367
4.2373524
11.945084
8.518143
69.95331
19.164223
13.990925
114.64472
104.64176
638.64923
21.595171
13.581261
5.222702
26.654495
138.18965
5.1039553
451.0084
21.731976
484.84802
402.04803
237.65974
15.868316
124.33517
13.945028
24.3051
20.503323
230.27974
80.42782
9.821389
393.27112
6.824327
14.263569
425.34427
281.4376
15.78301
489.8389
392.15076
523.2545
78.07146
48.01859
100.93172
32.517563
28.523294
232.7286
199.55505
21.635218
4.0601544
72.377686
244.10155
57.514782
16.528503
695.88086
113.520096
171.86847
171.29272
32.307213
136.75883
19.254812
14.630772
46.789734
134.04138
199.39754
26.121525
84.073074
893.65906
18.622736
295.46545
19.346985
38.66889
35.731194
224.3662
71.424774
64.40054
1151.9858
74.58495
50.547203
12.184028
871.2687
364.0113
53.344055
33.359238
356.83997
416.6381
62.05637
9.724843
205.54422
31.351301
69.23377
48.819004
30.521273
143.54883
20.94492
16.79946
1053.1364
9.554323
1284.1075
869.31696
13.27009
17.166906
18.035673
102.53138
9.510843
8.444764
24.0566
756.1066
383.99963
100.65599
9.821277
121.04422
88.56105
221.0091
20.064754
11.524521
339.06342
662.89355
117.44882
76.72577
31.530525
504.6656
34.003178
39.901657
11.040413
68.636086
12.187604
12.496225
823.8734
47.74469
7.7874064
36.047764
30.490267
334.9763
50.920918
53.32118
742.1515
17.534307
225.94528
15.860789
13.750096
39.766785
551.1723
10.402511
65.5555
902.228
11.885188
8.950169
9.218116
1072.0421
317.70786
40.53772
21.11409
3.4760318
347.30872
189.1997
164.72574
66.094894
22.626873
43.362328
4.059197
52.34681
13.055153
185.95699
16.588911
52.496178
7.121952
256.92242
140.70859
104.45735
456.36868
21.689846
289.39963
1692.3867
37.561073
14.398988
12.013609
14.744963
1777.2456
28.182777
22.238674
25.372223
183.99466
261.63773
57.248936
54.19728
5.8938503
8.706033
45.4777
42.498207
383.25604
136.77423
25.014942
500.91473
9.899205
10.679201
8509.34
17.428223
1848.5083
181.5975
19.93102
39.958054
15.076948
32.33064
867.3912
4.7524443
12.272868
15.335209
36.18
36.51725
157.49472
22.085758
592.4197
23.009533
11.874001
55.461384
26.098236
29.720928
60.099735
19.046852
8.793201
776.3815
798.5061
117.33888
38.895775
13.826357
11.428509
15.862491
67.98554
2.9087014
12.959373
6.1505823
59.717857
40.38302
516.10724
82.10516
17.114702
6.6337123
5.125847
19.108934
2986.1992
119.001564
20.044624
7.7781954
11.437746
15.365893
183.72849
79.87833
5.499623
20.474096
10.3315735
114.93482
33.215534
3766.3403
17.366375
1511.008
10.74864
13.581021
514.99725
44.936134
9.813637
12.325198
55.321186
7.4330826
22.025051
146.62695
30.891754
280.05283
9.279426
461.11896
9.539749
536.7662
32.039215
52.051037
34.12404
525.3062
213.76968
496.32764
129.93564
19.820835
20.38416
59.61009
16.50923
47.680748
156.99065
13.878873
44.101887
286.9017
13.166379
221.03955
35.247643
17.665157
27.032948
27.305487
50.414352
240.18617
12.262327
11.809221
222.60425
557.5808
14.141516
48.25522
28.926283
19.37427
637.38086
9.993877
343.9314
13.240286
276.15497
79.77244
49.845947
302.60883
11.869922
11.054367
591.3021
10.216406
14.445504
2074.7207
411.40298
55.896828
6.0639973
19.58824
153.37137
33.85409
357.5011
19.740837
10.3466625
109.338646
43.73358
1227.1997
135.68404
115.21088
117.46562
1588.2318
29.294441
41.287945
206.37793
21.816168
214.80312
754.5223
7.3899984
115.46111
53.26017
48.50643
12.022417
1182.1385
451.33926
392.08456
819.08594
423.32837
181.25354
42.76219
170.04224
2.9628668
8.675233
688.3382
5.45926
14.509256
59.59798
21.578989
19.518995
15.625378
72.702896
50.06683
5.322393
22.855312
13.614154
23.213509
7.357188
14.173349
26.851171
21.153503
74.28014
18.435547
419.91183
9.999769
6.177076
14.393643
193.50902
164.4447
20.398619
5.062994
760.1921
321.64563
205.88803
36.524223
331.1457
961.7049
17.780758
20.699078
243.72449
99.800316
143.6073
12.224959
609.8106
310.58975
23.514996
21.42687
13.233282
19.36961
101.45947
61.866688
159.88927
22.991343
39.588665
20.794905
8.880558
205.33163
204.36287
74.95192
44.143517
13.983495
23.87704
76.7441
1303.5881
12.142923
25.33825
17.738487
50.08745
8.600164
15.982733
7.175502
540.2486
6.332175
26.996893
98.359886
12.824566
86.898415
9.919235
16.37
11.598154
6.9016733
318.70685
208.76215
363.94708
468.59183
5.6470275
8.975771
849.54987
7.0252986
73.372025
8.916575
178.81662
9.737244
87.449265
223.88986
10.828635
427.20453
45.993793
9.77534
25.643225
24.9017
3.5183265
37.154385
11.952744
106.043144
382.55438
166.03772
235.29807
46.102745
23.283115
76.54175
135.67543
1405.9458
54.497776
14.285118
35.779305
47.872032
17.542305
7.0970926
35.173306
292.3616
15.433862
4.761729
685.5533
4.63911
137.71806
15.758551
139.80399
72.685394
570.8837
1563.6838
55.35008
15.361498
11.351847
181.01317
1248.8801
14.728758
26.93118
20.393215
102.69882
618.9144
57.525642
23.281105
257.60635
17.440964
363.79474
196.95659
318.12503
22.744473
132.9244
28.881552
33.2549
5.338944
47.212765
1602.377
18.478834
26.264301
123.502785
12.531571
10.522229
299.29318
8.818948
65.23811
71.26339
36.55219
220.9779
1429.6567
12.797693
391.5278
22.729197
259.9124
15.13143
299.5786
4.88261
101.431946
8.989134
929.5739
11.046002
28.675035
11.347021
13.028349
10.528588
22.45742
1573.9894
20.671253
24.100574
170.33528
12.725826
16.817293
29.502697
41.77785
18.180786
31.460157
14.692707
16.76145
451.89874
20.577932
1261.0746
4.248143
102.3
99.79498
61.70412
90.88833
4.0496683
17.80849
9.649237
241.25296
25.41639
13.91533
15.040005
80.12668
414.39957
48.22759
306.7837
655.6544
129.80182
12.595093
314.31607
37.256447
27.694254
25.851322
309.58017
220.69989
23.255852
245.70715
16.168322
20.374214
41.572838
66.45722
26.834435
227.46942
153.46266
64.132095
12.005795
135.69444
44.643147
8.647804
233.96535
9.301835
68.899826
78.98835
20.60268
2278.056
14.642681
54.17262
16.870758
27.798264
42.43262
22.705036
106.274376
323.91956
24.7431
235.09845
45.170452
202.32031
89.43125
57.01068
112.301865
84.58416
247.77977
15.558375
296.91962
5.7703514
67.27389
5.211154
347.23053
27.76494
23.197563
10.343135
59.35264
167.17218
248.21329
106.63438
181.48376
93.16613
25.870554
517.64514
11.54619
5.0423365
32.977665
110.707596
8.99382
11.414185
522.0652
201.03915
219.63725
294.91608
570.39233
51.80375
28.809944
335.716
22.663822
39.051376
160.1639
13.952527
31.331917
45.89711
7.8111596
275.6261
108.78365
15.230427
56.95422
249.9943
7.7514668
470.57596
51.55829
33.484985
27.759645
23.393064
42.61606
9.588545
12.211885
316.3832
119.45958
47.73596
25.221912
13.130541
221.44762
53.18946
189.28426
7.577741
32.19247
308.395
73.52539
272.4212
1065.9249
515.51544
15.924324
37.284706
14.370001
14.214225
340.86182
13.396764
106.117294
143.60526
524.7842
25.772177
26.92852
41.584515
26.148256
117.35298
18.673359
20.53851
17.490429
20.65664
5.531056
21.586754
35.837265
50.010937
29.969276
7.678295
414.1959
17.898062
99.30193
435.81238
3250.8657
22.089909
10.3362055
528.01843
37.51502
62.770718
37.564476
10.148789
259.80573
6.3562517
341.5608
1065.9792
5.9711275
158.08838
80.617645
50.63663
1179.2357
311.0777
1082.8342
135.43227
2254.8035
600.4597
6.62461
615.2499
69.266594
370.05707
29.980639
11.346128
6.8798566
8.009247
47.668938
42.249046
492.71722
21.179401
86.365814
926.3067
21.882118
445.5893
4.54238
334.7446
35.52179
81.36695
13.242814
279.31854
23.795586
38.926517
348.50897
22.641087
377.4013
19.225615
8.0029955
95.74742
284.83643
16.984734
18.100065
23.259125
46.651764
14.825076
179.36264
127.78241
15.004171
96.17273
18.66123
118.24328
209.86613
27.494043
10.568307
487.45663
154.45137
11.13817
24.212307
24.34532
10.577318
8.560986
26.921831
19.318651
130.02711
303.1491
13.18413
44.19555
26.671085
342.84482
19.929459
88.85135
297.5174
112.71495
16.196247
8.06558
9.856043
28.256725
35.972416
11.123903
2352.1675
96.32267
38.738472
17.756754
300.03894
6.319769
22.439379
279.07385
44.86269
12.99766
10.960548
194.68936
8.1284
42.423717
46.014687
11.042079
36.80409
85.11389
5.288437
477.4434
15.966192
74.53777
14.044817
19.878643
570.6037
24.271467
12.713277
192.46548
174.4066
30.834036
43.0421
115.47025
23.828196
24.285597
10.791555
9.186918
13.826933
11.7896185
21.12483
53.67901
6.110138
23.22354
20.656847
71.12718
13.210299
4.347789
174.45683
380.36255
23.295937
5.9841995
39.24026
481.7126
101.03438
34.28592
81.375336
191.52307
200.11774
13.53829
4.048747
7.388711
39.532112
45.1395
33.60541
11.176431
21.743538
35.411915
25.622807
51.796947
8.267255
30.649052
288.68927
17.657166
29.886925
519.058
46.163395
21.98779
10.085229
180.51358
396.40906
42.044086
8.674459
250.06607
8.3085575
291.82007
8.618443
234.41728
11.33322
99.27684
368.20258
15.140567
76.59151
80.79814
18.66123
13.858779
53.682205
196.4041
12.818455
35.5468
8.776181
209.86554
14.413115
43.015343
14.751714
11.512926
57.37254
38.65223
19.70081
15.717865
903.59973
66.23331
56.1508
6.1998377
50.410217
63.574875
5.1101613
29.455523
488.8775
139.07625
575.6582
603.39307
5.1101613
40.86307
24.315979
285.03125
78.85765
4.494094
13.811178
8.302733
21.784697
61.0867
18.130695
21.303534
30.92872
71.08992
6.6754575
6249.5273
13.784236
15.776181
32.881466
419.5962
47.6224
595.38275
107.406525
695.70496
22.637978
459.22946
106.9143
44.716988
452.95456
413.65372
133.80191
75.412735
11.703305
3.247515
230.65591
112.21327
58.856
11.7171955
20.763767
1249.073
44.505
186.5007
34.4886
404.7649
9.538621
49.389595
88.22252
1529.0731
9.651027
68.72434
13.488249
5.7295036
769.03784
22.410925
177.89421
163.77657
35.998215
55.52182
44.46113
288.2616
6.553204
220.03778
83.50601
20.157501
21.528584
22.83366
569.2596
22.250603
36.312973
174.48611
16.72669
19.485188
7.766325
14.598478
322.51843
21.591284
223.69287
23.39602
18.308035
206.94336
5.6343107
545.1428
33.823627
37.302933
21.84767
26.444357
93.82711
69.0158
17.006474
22.775534
7.275038
1790.1396
22.25822
630.1237
63.04164
5.456131
37.06651
13.695663
5.805688
38.574585
140.34721
44.870598
30.665081
18.769815
65.59371
35.397327
276.08926
41.891876
6.044051
380.12195
18.71503
98.52291
16.064913
543.1167
36.322834
17.892443
342.89435
13.219102
11.958909
38.931633
4.6776104
26.346743
5.365448
297.96732
209.97614
65.57807
13.431333
104.715935
3.5183265
623.474
5.4405346
41.951195
91.2444
494.2338
4.6652217
45.76265
147.47913
8.1256075
17.23924
377.14838
35.96197
42.54397
4.22728
11.425062
109.98622
20.804893
521.5489
18.873074
19.429594
56.001568
47.713715
35.107704
2958.4033
441.81567
7.6253276
361.7487
26.148325
1302.8785
92.59467
29.947113
23.690443
36.38293
253.69525
21.816553
1009.0684
124.037544
50.956913
52.06182
46.64111
183.16846
192.732
21.660389
17.73004
433.5895
60.351044
78.15545
331.53497
25.77895
177.3716
142.74265
43.727325
22.333216
86.36429
54.076973
8.277586
5.9832163
460.62076
63.048977
357.04266
141.45883
7.7562456
1038.0828
51.225883
21.033573
27.497997
9.909805
101.95055
15.995568
13.186884
35.33334
31.923393
204.44962
112.86146
409.91595
446.6031
365.13586
18.310986
294.5487
18.663197
30.243795
31.861689
14.336187
17.245075
29.661684
119.48231
27.667229
17.400156
14.932807
11.008348
27.081692
14.374483
340.46335
28.019815
46.684475
4.8833275
38.730835
22.140686
111.20032
169.05502
10.692552
26.689985
123.0765
51.750374
21.71007
102.06627
21.291256
1788.6396
53.35558
67.57156
48.95444
12.71187
709.83295
735.22485
21.641357
15.87967
27.905573
11.268276
231.37546
35.02228
601.1696
43.54776
18.26304
593.74976
10.992267
29.998177
446.71448
16.455055
206.16252
27.613855
54.407703
15.904207
66.41598
801.97815
340.43658
155.84961
7.305066
272.66824
808.8661
41.53223
4.1967583
24.865639
27.42568
135.80365
13.745094
8.5643
46.817314
67.671005
18.085144
1156.2739
96.73522
18.215923
182.4882
7.882674
198.20482
4204.991
21.936024
226.97481
116.247894
835.3501
17.397451
537.5517
236.31949
19.41472
85.7307
59.300503
48.97626
244.62555
95.913704
6.9787364
60.60115
120.24694
12.041399
23.513767
9.465819
91.04982
25.419432
1413.182
137.26897
38.801743
365.90433
41.163834
416.9899
22.502855
388.24905
17.557362
432.76288
267.1787
45.533813
8.913339
6.2094536
4.0496683
667.25
19.081495
39.382835
378.57376
3.5183265
311.49094
23.089579
94.303055
280.96146
8.402431
621.23785
10.442857
211.28806
95.214554
30.370419
33.15261
91.966705
13.542667
128.92798
41.852093
44.330837
29.19392
74.21443
86.5003
18.275942
46.838486
83.332466
749.85596
22.787592
14.344472
58.702965
22.875908
5.6506214
256.89023
57.422707
9.905053
42.480175
4.696852
473.6687
49.478542
353.35852
4.195426
6.7951684
1041.2734
57.42561
13.889062
8.582829
38.721657
55.50059
75.21417
35.33499
457.84302
204.76855
114.48111
71.081345
456.19028
85.89163
16.396034
45.910378
77.0412
15.921932
9.981709
512.0095
42.43257
83.38223
1005.1297
17.142775
91.26342
92.79866
194.21591
246.89935
6.5636616
111.600525
11.691957
22.3619
389.30576
6.598666
7.213293
11.575121
57.55171
71.92832
359.9801
147.68497
3.9496121
9.322683
106.25938
19.147202
37.13508
28.89346
14.4273205
39.791626
1082.5626
114.13407
4.797024
47.38833
34.961746
234.37224
32.351418
489.20584
312.16077
28.468176
14.694987
27.483242
342.10846
247.09402
11.520802
383.4853
5.7222013
44.38581
138.89824
332.04822
15.030764
15.678245
207.46652
322.61746
123.94206
54.13
246.43745
42.363064
7.991452
1919.5745
97.379585
8.587969
1097.8015
221.08192
166.59604
34.18962
13.186064
850.7336
249.88513
88.43656
39.14561
86.725136
48.3022
642.8978
28.187958
9.543616
8.005648
148.391
431.24078
1722.6501
1448.8596
42.55528
6.5275116
129.89153
117.5934
262.88214
10.398435
194.32652
560.87836
12.166747
43.58457
342.2067
11.514434
20.957956
372.49023
13.087467
1948.2318
33.244293
7.641866
15.871286
11.368159
7503.875
20.31355
103.72179
633.29047
1408.6388
21.293459
15.944759
34.76068
11.47032
51.06401
19.530293
26.974207
361.3501
493.0331
29.925179
9.845331
750.594
50.11714
29.183044
27.102692
266.6007
879.32056
9.545398
16.860893
6.5238256
12.620102
311.78784
43.962296
25.127361
9.337427
22.05405
25.936148
9.05908
18.296206
891.0915
14.895971
57.629204
20.854546
58.837364
469.9259
24.052042
846.1821
238.71555
27.783669
43.48631
112.32024
10.521109
35.465313
9524.457
439.59467
1029.4932
9.758399
140.04218
24.403603
337.55927
35.644398
6.208847
171.82986
9.629436
21.07952
225.81355
367.58575
11.32988
44.464294
21.92689
98.35895
909.5692
252.78091
28.344002
93.666855
135.47592
5.246483
33.52221
424.96152
6.164197
24.060938
44.64964
130.41321
32.060352
67.87256
19.805346
13.163723
15.693286
49.7484
148.29877
10.407373
131.14145
14.611606
7.578137
514.64526
14.144979
378.8542
69.85771
373.24072
17.260628
116.635895
500.85168
35.520596
12.256434
279.56757
8.865838
66.11718
623.71094
34.101456
46.354637
883.16675
72.3536
322.86523
49.47137
14.840601
17.817766
696.9953
619.74963
841.23486
73.19367
104.07329
19.500761
229.59525
161.25636
17.218973
31.003546
234.35681
26.588238
17.04036
27.129217
5.8991594
236.22588
48.64628
194.21054
23.526098
231.48746
391.3184
282.3274
365.5822
8.355805
87.0502
78.57478
8.140742
22.390331
13.741713
24.638357
254.01845
55.510277
18.448301
190.48169
10.504528
169.20752
12.964503
37.516277
287.75717
38.026516
35.421185
2245.1572
3.6509397
38.856205
134.6472
51.896553
145.41418
13.712576
16.320805
47.415714
11.726255
318.08255
48.625618
104.48391
5.073098
32.414024
13.610682
29.898172
1081.1909
40.733936
56.35742
739.06067
84.272316
357.62457
38.283356
19.327087
18.424513
4.7487683
5.361143
15.637571
65.38399
168.55797
84.14058
10.0320425
7.6615887
823.32166
26.806446
4.7087536
27.445787
18.537346
9.776072
263.15103
81.12335
55.44364
179.80313
22.913517
11.831603
143.95778
40.03227
71.62614
22.956545
26.036057
62.736485
8.795952
8.207395
22.32564
486.13773
97.34068
343.85742
138.03496
57.615658
14.058438
10.727754
12.951675
35.168175
145.1733
68.71566
13.342337
10.9979
108.71925
309.94797
27.490852
46.01042
6.934875
87.428375
194.08658
22.918167
73.98787
17.497503
23.359352
29.207066
218.75385
159.4968
27.646254
39.753067
36.796314
26.608898
34.053146
362.65005
27.022438
50.551033
89.33701
615.4019
128.32126
210.00497
957.5957
70.551094
177.91788
17.4352
55.040985
9.450111
19.565994
27.189676
420.23953
37.7865
12.111023
8.112675
17.128227
70.05449
5.6846514
11.656819
58.5701
42.256863
82.466415
65.38523
20.518557
365.83542
1807.5037
266.5547
10.120645
84.72338
27.692913
44.599297
32.14751
84.91485
17.959526
7.1869836
83.301994
29.930489
8.486334
145.96898
41.541214
38.501087
259.89096
138.47646
64.543434
22.48275
520.6097
533.04913
22.328396
257.04388
1069.9999
11.057178
6.277325
92.75725
37.09156
28.227785
29.066277
37.74633
1954.6421
16.967281
67.34607
385.5697
29.814604
17.086107
16.180346
469.46924
66.48616
15.004086
50.706146
43.513004
846.0522
48.409134
51.7688
22.94477
32.499504
8.208005
235.42108
50.720062
10.763208
8.402983
6.0038157
16.579943
10.894392
107.67939
21.179401
32.168213
44.60825
17.27107
436.3624
31.35041
13.231756
9.404675
81.00329
313.04828
11.825066
62.510677
37.36959
79.67911
21.816658
34.656937
82.72005
22.68588
347.05988
62.149887
6.181396
5.539626
103.350235
68.78408
591.8197
50.04561
41.83279
182.62784
7.3207235
38.61262
214.75734
66.91145
38.52542
100.32923
4.3095555
477.4165
238.47412
478.55066
253.61905
1663.9614
413.7413
18.110184
62.852573
8.419327
138.09637
18.521292
23.052187
44.456474
8.448049
11.668303
2.9628668
153.65904
1124.027
817.7255
364.50336
10.564102
120.81345
307.9807
323.4215
251.71246
54.093258
257.96146
347.82812
12.525117
13.224117
9.166315
7.299206
88.55476
34.866226
17.857883
250.05296
359.36255
24.360092
16.62072
560.87354
31.3886
31.47225
7.4209833
178.38042
132.21835
39.62794
145.21657
26.488659
153.2248
256.92795
4.3127117
40.113
138.3754
135.7081
210.79103
24.973568
36.322834
142.73544
31.873512
41.087482
667.35565
7.0734086
168.6892
35.58221
25.491673
12.859385
14.2692795
77.28352
8.175403
237.97908
16.255402
42.573444
22.426785
40.535206
31.71735
744.3655
139.63542
43.230724
258.7605
65.787506
6.936068
253.8274
8.806476
27.177324
412.40527
35.091297
780.33685
12.746286
130.97496
14.611937
8.876724
76.562294
550.6803
123.341705
6.8937464
16.58886
589.3944
314.8336
215.37202
220.4747
71.40904
21.53307
30.225168
7.484581
6.6408825
46.892853
301.03894
254.31102
50.225002
222.12012
97.78627
11.292545
482.72824
16.14549
665.44366
19.028595
8.490626
6.607873
5.617976
100.53238
227.54286
33.500126
173.90767
14.705863
8.878179
7.3952985
64.279175
9.999957
187.43164
89.43125
1896.3027
560.62885
29.625137
27.175135
115.01317
245.21147
13.6892395
56.67856
502.0757
59.015736
25.82404
56.14638
85.059235
1155.1569
132.87553
5.0896335
967.05023
44.53625
227.44772
307.07098
43.330406
315.5672
10.3031845
29.773367
22.210564
17.548183
1516.0759
1654.3782
319.0736
22.416382
486.15976
37.860847
126.57181
6.831103
23.170855
2528.1094
38.848312
642.5153
10.999332
44.87265
69.77019
36.75763
41.324963
32.54799
34.39836
1726.917
29.971642
44.237534
419.85178
22.848026
31.027609
47.94303
1176.4539
24.307152
7.5721893
53.196095
86.62243
17.234995
185.43439
17.830286
27.297325
5.3269467
25.816025
31.822742
21.628117
1263.7853
510.4119
668.8686
86.105606
17.420483
180.02731
187.93666
368.87054
19.394873
20.197147
37.348835
28.872416
9.121263
164.42526
259.708
5.8991594
109.85764
17.92461
115.45154
282.76447
388.42773
6.623028
99.16239
10.463088
137.68602
14.146686
4.937544
10.566117
10.421086
17.806313
481.93338
13.691746
915.7528
79.94231
11.472097
519.3137
12.74329
14.03523
1173.5964
104.50743
17.211918
130.61417
9.188154
243.77644
1294.8918
442.917
106.675316
281.47946
217.62852
104.39576
128.21307
10.3727665
10.779505
121.62904
627.8572
17.634165
34.17227
355.49234
48.963455
41.871117
531.88904
14.315968
22.257452
31.827766
579.1231
15.155157
7.8492007
22.72192
10.625583
347.78018
11.092827
927.65485
451.25772
281.78174
14.495067
4.5391326
52.105335
431.2311
46.62593
612.09717
259.54297
25.885035
3.5183265
5.39094
246.32854
27.199066
704.25995
70.34917
103.339294
104.07329
338.91324
94.28632
30.011534
43.281403
139.9933
22.366467
13.2747135
38.285366
25.008408
29.110897
223.10358
148.42221
16.483522
15.390756
549.01825
8.575316
68.57024
94.039825
49.762093
15.007677
61.38225
217.17717
141.09311
33.401672
41.39332
5.2450676
26.2429
78.48784
21.2787
60.855366
26.86775
15.846973
29.701618
7.9842687
140.37105
10.4962015
9.128903
21.842232
575.82837
35.672733
51.407967
48.57864
28.11439
75.28109
254.67021
10.633373
21.08705
20.986738
197.07185
325.24487
14.69428
178.61023
129.83896
5.0282145
55.146675
216.0302
797.46655
29.881718
9.668163
23.383736
18.942371
13.437841
39.99076
90.47543
33.142117
271.20016
25.032179
460.21283
658.06555
215.67982
19.61312
152.1932
12.927585
16.507757
15.407181
687.4588
15.519309
471.6079
26.126228
425.2873
7.630584
6.9045115
11.793391
336.76184
147.18393
42.898926
43.902855
11.92581
6.447977
44.97009
175.75864
25.181707
161.52687
266.1876
8.852459
15.815095
20.1857
18.742355
27.41052
14.535761
34.584892
550.27606
24.78509
148.08035
45.721085
625.7265
17.381613
40.24658
166.28255
9.9973545
12.64072
30.216803
37.49001
13.848698
18.181211
1619.4526
62.929405
10.487697
99.431
750.0995
82.735275
21.47989
562.01294
99.07184
19.322056
532.1681
7.832488
9.133041
19.243065
41.026833
232.87958
32.022354
81.07571
5.9056945
412.338
19.513992
16.259773
139.89128
54.72845
46.35299
303.1247
35.59273
26.732998
3.494157
24.090166
9.509121
25.339457
9.479729
280.00598
85.680435
474.46805
102.00146
1031.4076
20.730898
28.740284
213.26967
27.050014
13.016039
15.736628
27.533205
7.855783
541.07074
18.750095
334.56827
36.218147
63.968727
96.81566
782.5685
422.97565
16.261253
36.069145
410.86014
9.202865
193.99377
89.88485
199.00107
36.278004
257.8407
161.36258
11.923592
39.754395
156.28787
383.9189
77.056625
31.099566
18.213383
23.67995
14.356868
34.468414
152.55045
94.61794
244.32782
57.30629
45.05036
26.382
13.770026
20.838516
998.75726
561.3214
28.999811
63.987034
23.198675
78.90914
747.032
22.41697
76.00616
13.727486
11.0674925
7.979686
54.7982
171.68999
776.6863
145.9271
11.752094
23.23814
33.304253
45.198807
18.017073
34.20056
18.65116
131.01607
5.7213826
100.47166
39.409607
10.7480755
841.5041
50.950985
24.823874
8.044753
237.6858
33.328026
150.09389
16.652475
7.6406074
5.564306
10.238726
6.7760653
49.732273
39.07414
29.507015
15.313802
4.0857697
92.0649
476.39456
493.89713
60.769127
159.56465
1968.0591
26.793291
64.297905
165.33829
84.844986
69.64288
47.789047
59.654587
119.59768
584.54675
15.913584
5.030364
18.453228
431.80273
579.8617
823.9803
269.39484
252.70198
3.6146173
16.512358
107.03662
1556.0896
2138.1157
221.23135
55.80814
5.9869747
7.151742
273.80438
134.32373
50.2791
233.92786
16.096235
14.7265005
35.673363
199.62527
18.312777
141.91852
504.98914
14.954001
7.7693768
54.2365
9.975445
53.51184
1200.9446
7.8004436
41.676167
43.56466
54.87607
13.649505
24.150013
88.699165
35.189377
67.01129
142.61195
243.769
79.84421
94.48404
18.040442
14.220194
3.5742333
6.2377872
19.431585
833.74243
41.506622
22.182972
15.650559
50.54332
181.0515
1925.829
17.87876
32.789677
6.3413315
5.5778127
109.050964
21.359665
257.30887
219.24329
60.93022
14.202085
8.010592
27.148052
57.704906
31.35711
55.424107
24.202023
18.260115
8.467092
210.11908
27.504442
34.408943
30.578297
16.858414
55.49109
9.033212
58.596523
24.479053
32.578407
126.92477
23.520277
338.98163
8.563824
550.1627
13.161835
6.3910155
4.2400994
103.40248
13.141481
341.45233
74.3513
83.862434
299.0307
104.69741
247.2601
128.75362
6.473845
24.620789
23.54026
194.00063
6.474784
